zip,first_dose,second_dose,single_dose,at_least_one_dose,fully_vaccinated,date
10006,10,5,1,11,6,2022-04-21
10011,67,33,6,73,39,2022-04-21
10022,35,18,2,37,20,2022-04-21
10029,43,27,2,45,29,2022-04-21
10031,38,19,1,39,20,2022-04-21
10036,52,23,2,54,25,2022-04-21
10038,32,13,1,33,14,2022-04-21
10065,48,19,1,49,20,2022-04-21
10304,34,23,3,37,26,2022-04-21
10456,36,23,1,37,24,2022-04-21
10463,38,17,2,40,19,2022-04-21
10465,15,13,3,18,16,2022-04-21
10472,19,13,1,20,14,2022-04-21
10522,5,4,1,6,5,2022-04-21
10538,24,13,1,25,14,2022-04-21
10708,35,23,1,36,24,2022-04-21
10940,17,9,1,18,10,2022-04-21
10956,21,14,1,22,15,2022-04-21
11040,29,16,1,30,17,2022-04-21
11101,40,18,1,41,19,2022-04-21
11106,20,10,1,21,11,2022-04-21
11201,98,45,6,104,51,2022-04-21
11206,55,30,2,57,32,2022-04-21
11208,57,32,1,58,33,2022-04-21
11215,72,33,5,77,38,2022-04-21
11217,34,12,1,35,13,2022-04-21
11224,15,6,2,17,8,2022-04-21
11226,88,45,5,93,50,2022-04-21
11231,36,19,2,38,21,2022-04-21
11233,46,27,4,50,31,2022-04-21
11249,32,10,1,33,11,2022-04-21
11358,21,13,1,22,14,2022-04-21
11365,24,12,1,25,13,2022-04-21
11367,26,15,1,27,16,2022-04-21
10003,85,45,4,89,49,2022-04-21
10005,14,6,1,15,7,2022-04-21
10012,43,25,3,46,28,2022-04-21
10014,44,16,4,48,20,2022-04-21
10021,60,31,2,62,33,2022-04-21
10023,89,47,9,98,56,2022-04-21
10028,54,27,1,55,28,2022-04-21
10030,25,14,3,28,17,2022-04-21
10039,27,12,1,28,13,2022-04-21
10128,82,47,2,84,49,2022-04-21
10307,4,3,1,5,4,2022-04-21
10314,31,17,1,32,18,2022-04-21
10457,21,16,1,22,17,2022-04-21
10464,2,2,1,3,3,2022-04-21
10466,35,25,2,37,27,2022-04-21
10516,2,1,2,4,3,2022-04-21
10541,7,5,1,8,6,2022-04-21
10566,14,9,1,15,10,2022-04-21
10573,24,18,1,25,19,2022-04-21
10580,16,10,1,17,11,2022-04-21
10589,3,3,1,4,4,2022-04-21
10598,28,19,2,30,21,2022-04-21
10605,25,15,1,26,16,2022-04-21
10705,7,7,1,8,8,2022-04-21
10707,11,6,1,12,7,2022-04-21
10930,4,3,1,5,4,2022-04-21
10941,5,3,2,7,5,2022-04-21
10998,4,3,1,5,4,2022-04-21
11023,11,9,1,12,10,2022-04-21
11207,61,32,1,62,33,2022-04-21
11209,34,18,2,36,20,2022-04-21
11216,59,32,5,64,37,2022-04-21
11218,46,31,1,47,32,2022-04-21
11223,15,7,2,17,9,2022-04-21
11225,55,32,2,57,34,2022-04-21
11357,20,16,1,21,17,2022-04-21
11368,36,20,1,37,21,2022-04-21
11373,89,57,3,92,60,2022-04-21
11377,57,37,5,62,42,2022-04-21
11427,16,5,1,17,6,2022-04-21
10001,58,33,1,59,34,2022-04-21
10002,115,77,2,117,79,2022-04-21
10016,84,32,3,87,35,2022-04-21
10017,29,15,5,34,20,2022-04-21
10018,27,11,1,28,12,2022-04-21
10019,67,38,2,69,40,2022-04-21
10032,38,16,2,40,18,2022-04-21
10033,18,14,2,20,16,2022-04-21
10034,18,8,2,20,10,2022-04-21
10301,23,16,1,24,17,2022-04-21
10451,23,16,1,24,17,2022-04-21
10452,29,18,1,30,19,2022-04-21
10453,23,14,1,24,15,2022-04-21
10467,57,37,1,58,38,2022-04-21
10468,18,12,4,22,16,2022-04-21
10469,26,15,6,32,21,2022-04-21
10550,27,22,2,29,24,2022-04-21
10567,13,9,1,14,10,2022-04-21
10570,14,11,1,15,12,2022-04-21
10601,11,6,1,12,7,2022-04-21
10603,9,5,1,10,6,2022-04-21
10701,27,13,1,28,14,2022-04-21
10704,15,13,1,16,14,2022-04-21
10801,41,26,4,45,30,2022-04-21
10901,18,8,3,21,11,2022-04-21
10952,19,12,1,20,13,2022-04-21
10970,6,3,2,8,5,2022-04-21
11001,15,8,1,16,9,2022-04-21
11003,43,25,1,44,26,2022-04-21
11102,28,12,1,29,13,2022-04-21
11103,36,17,1,37,18,2022-04-21
11203,60,37,3,63,40,2022-04-21
11219,61,40,2,63,42,2022-04-21
11220,186,128,2,188,130,2022-04-21
11221,74,37,1,75,38,2022-04-21
11222,33,16,1,34,17,2022-04-21
11236,66,45,4,70,49,2022-04-21
11237,22,7,2,24,9,2022-04-21
11238,91,45,5,96,50,2022-04-21
11354,48,31,3,51,34,2022-04-21
11355,115,82,5,120,87,2022-04-21
11372,27,17,1,28,18,2022-04-21
11420,14,11,1,15,12,2022-04-21
11520,34,19,1,35,20,2022-04-21
11570,29,20,2,31,22,2022-04-21
11590,48,31,3,51,34,2022-04-21
10009,69,25,1,70,26,2022-04-21
10010,70,45,4,74,49,2022-04-21
10024,73,34,4,77,38,2022-04-21
10025,128,72,6,134,78,2022-04-21
10026,31,10,1,32,11,2022-04-21
10027,78,37,2,80,39,2022-04-21
10308,8,4,1,9,5,2022-04-21
10458,28,16,1,29,17,2022-04-21
10461,34,25,1,35,26,2022-04-21
10475,15,9,2,17,11,2022-04-21
10509,3,1,1,4,2,2022-04-21
10510,14,9,2,16,11,2022-04-21
10543,21,10,2,23,12,2022-04-21
10710,20,14,1,21,15,2022-04-21
10994,6,3,1,7,4,2022-04-21
11111,99,89,7,106,96,2022-04-21
11210,46,24,1,47,25,2022-04-21
11212,44,28,5,49,33,2022-04-21
11214,42,23,1,43,24,2022-04-21
11228,18,8,1,19,9,2022-04-21
11229,33,18,3,36,21,2022-04-21
11230,58,35,1,59,36,2022-04-21
11363,5,3,1,6,4,2022-04-21
11378,7,6,1,8,7,2022-04-21
11379,9,6,1,10,7,2022-04-21
11413,35,26,1,36,27,2022-04-21
11429,19,10,2,21,12,2022-04-21
11561,19,8,1,20,9,2022-04-21
11563,16,10,1,17,11,2022-04-21
11581,15,6,1,16,7,2022-04-21
11730,4,3,1,5,4,2022-04-21
11732,5,3,1,6,4,2022-04-21
11746,45,25,2,47,27,2022-04-21
11747,14,9,1,15,10,2022-04-21
11762,11,7,1,12,8,2022-04-21
11782,10,8,1,11,9,2022-04-21
11795,11,7,1,12,8,2022-04-21
11946,5,4,1,6,5,2022-04-21
11949,12,8,1,13,9,2022-04-21
12065,26,13,1,27,14,2022-04-21
12148,5,4,1,6,5,2022-04-21
12182,3,1,1,4,2,2022-04-21
12198,2,1,1,3,2,2022-04-21
12533,13,9,1,14,10,2022-04-21
12534,4,4,1,5,5,2022-04-21
12550,18,6,1,19,7,2022-04-21
12582,3,3,1,4,4,2022-04-21
12701,3,2,1,4,3,2022-04-21
12831,9,7,2,11,9,2022-04-21
12866,24,17,2,26,19,2022-04-21
12901,5,3,2,7,5,2022-04-21
13069,2,1,1,3,2,2022-04-21
11434,34,17,2,36,19,2022-04-21
11550,44,29,1,45,30,2022-04-21
11566,24,18,1,25,19,2022-04-21
11575,11,5,1,12,6,2022-04-21
11691,30,21,3,33,24,2022-04-21
11725,13,9,2,15,11,2022-04-21
11741,19,7,3,22,10,2022-04-21
11743,43,26,3,46,29,2022-04-21
11752,6,6,1,7,7,2022-04-21
11768,11,10,1,12,11,2022-04-21
11786,7,4,1,8,5,2022-04-21
12084,6,4,1,7,5,2022-04-21
12095,3,1,2,5,3,2022-04-21
12211,10,4,1,11,5,2022-04-21
12309,17,8,1,18,9,2022-04-21
12345,26,17,2,28,19,2022-04-21
12468,1,1,1,2,2,2022-04-21
12561,4,2,1,5,3,2022-04-21
12570,7,2,1,8,3,2022-04-21
11385,41,27,2,43,29,2022-04-21
11415,12,7,1,13,8,2022-04-21
11417,12,6,1,13,7,2022-04-21
11435,35,23,1,36,24,2022-04-21
11510,37,24,2,39,26,2022-04-21
11560,11,7,2,13,9,2022-04-21
11576,12,7,2,14,9,2022-04-21
11701,16,11,1,17,12,2022-04-21
11717,23,15,1,24,16,2022-04-21
11724,1,1,1,2,2,2022-04-21
11733,18,14,1,19,15,2022-04-21
11735,18,9,1,19,10,2022-04-21
11801,32,16,1,33,17,2022-04-21
11901,7,4,1,8,5,2022-04-21
11944,4,2,1,5,3,2022-04-21
11951,6,2,1,7,3,2022-04-21
12078,1,1,1,2,2,2022-04-21
12203,21,12,1,22,13,2022-04-21
12528,3,1,1,4,2,2022-04-21
12553,7,4,1,8,5,2022-04-21
12603,22,8,1,23,9,2022-04-21
12828,1,1,1,2,2,2022-04-21
12919,1,1,1,2,2,2022-04-21
12946,5,1,1,6,2,2022-04-21
13021,8,3,1,9,4,2022-04-21
13078,8,4,1,9,5,2022-04-21
11706,44,30,6,50,36,2022-04-21
11721,12,9,1,13,10,2022-04-21
11754,19,11,1,20,12,2022-04-21
11756,15,11,1,16,12,2022-04-21
11757,14,8,1,15,9,2022-04-21
11772,12,8,2,14,10,2022-04-21
11787,26,15,1,27,16,2022-04-21
11788,12,11,1,13,12,2022-04-21
11790,17,9,2,19,11,2022-04-21
11937,2,2,1,3,3,2022-04-21
12054,16,10,1,17,11,2022-04-21
12189,9,6,3,12,9,2022-04-21
12208,13,11,1,14,12,2022-04-21
12308,2,1,1,3,2,2022-04-21
12572,3,2,1,4,3,2022-04-21
12590,17,9,1,18,10,2022-04-21
13108,1,1,1,2,2,2022-04-21
13126,6,4,1,7,5,2022-04-21
13152,10,2,1,11,3,2022-04-21
13601,6,3,1,7,4,2022-04-21
13669,6,4,1,7,5,2022-04-21
13901,5,3,1,6,4,2022-04-21
13904,3,2,1,4,3,2022-04-21
14086,13,6,1,14,7,2022-04-21
14623,21,15,1,22,16,2022-04-21
14870,5,3,1,6,4,2022-04-21
15090,28,16,2,30,18,2022-04-21
13104,11,6,2,13,8,2022-04-21
13145,1,1,1,2,2,2022-04-21
14051,16,12,1,17,13,2022-04-21
14215,11,4,1,12,5,2022-04-21
14224,7,5,1,8,6,2022-04-21
14226,11,9,1,12,10,2022-04-21
14526,8,7,1,9,8,2022-04-21
14610,7,2,1,8,3,2022-04-21
14619,4,2,1,5,3,2022-04-21
14624,9,4,2,11,6,2022-04-21
14760,3,2,1,4,3,2022-04-21
14892,1,1,1,2,2,2022-04-21
14903,1,1,1,2,2,2022-04-21
15001,13,10,4,17,14,2022-04-21
15044,24,14,5,29,19,2022-04-21
15085,2,1,1,3,2,2022-04-21
15101,16,11,2,18,13,2022-04-21
15201,11,5,1,12,6,2022-04-21
15203,8,3,1,9,4,2022-04-21
15212,18,7,4,22,11,2022-04-21
13148,4,1,2,6,3,2022-04-21
13732,6,4,2,8,6,2022-04-21
13905,20,14,2,22,16,2022-04-21
14150,7,3,1,8,4,2022-04-21
14214,10,5,1,11,6,2022-04-21
14450,13,9,2,15,11,2022-04-21
14502,2,1,1,3,2,2022-04-21
14534,28,15,1,29,16,2022-04-21
14850,78,41,5,83,46,2022-04-21
15084,2,1,1,3,2,2022-04-21
15102,17,13,1,18,14,2022-04-21
15120,4,2,1,5,3,2022-04-21
15202,23,12,1,24,13,2022-04-21
15211,5,3,1,6,4,2022-04-21
15218,13,11,1,14,12,2022-04-21
15220,12,5,1,13,6,2022-04-21
15227,12,10,2,14,12,2022-04-21
15234,8,7,1,9,8,2022-04-21
15411,41,29,1,42,30,2022-04-21
15536,13,8,1,14,9,2022-04-21
15538,21,16,5,26,21,2022-04-21
13492,NA,1,1,NA,2,2022-04-21
13612,1,1,1,2,2,2022-04-21
13676,7,2,1,8,3,2022-04-21
14127,16,13,1,17,14,2022-04-21
14228,9,6,1,10,7,2022-04-21
14779,1,1,1,2,2,2022-04-21
14845,5,4,1,6,5,2022-04-21
15014,5,4,1,6,5,2022-04-21
15063,11,8,1,12,9,2022-04-21
15146,18,7,1,19,8,2022-04-21
15147,7,6,1,8,7,2022-04-21
15213,62,32,1,63,33,2022-04-21
15216,13,2,2,15,4,2022-04-21
15232,32,20,1,33,21,2022-04-21
15367,19,9,1,20,10,2022-04-21
15532,18,13,2,20,15,2022-04-21
15533,8,8,2,10,10,2022-04-21
15534,28,18,4,32,22,2022-04-21
15564,25,22,1,26,23,2022-04-21
15601,33,16,2,35,18,2022-04-21
15666,5,2,2,7,4,2022-04-21
15106,15,12,1,16,13,2022-04-21
15108,20,12,1,21,13,2022-04-21
15122,7,4,1,8,5,2022-04-21
15205,21,11,2,23,13,2022-04-21
15207,3,1,1,4,2,2022-04-21
15222,15,7,1,16,8,2022-04-21
15238,21,10,1,22,11,2022-04-21
15239,16,11,1,17,12,2022-04-21
15241,28,18,2,30,20,2022-04-21
15424,61,38,3,64,41,2022-04-21
15459,30,21,1,31,22,2022-04-21
15473,1,1,1,2,2,2022-04-21
15522,238,183,21,259,204,2022-04-21
15540,38,17,1,39,18,2022-04-21
15558,336,228,10,346,238,2022-04-21
15642,23,18,2,25,20,2022-04-21
15658,9,7,2,11,9,2022-04-21
15924,3,3,1,4,4,2022-04-21
16127,6,5,1,7,6,2022-04-21
16509,10,6,1,11,7,2022-04-21
16510,5,2,1,6,3,2022-04-21
16625,5,4,1,6,5,2022-04-21
17011,95,61,4,99,65,2022-04-21
17013,76,43,4,80,47,2022-04-21
17043,14,10,2,16,12,2022-04-21
17046,11,8,1,12,9,2022-04-21
17061,2,2,2,4,4,2022-04-21
17062,2,1,1,3,2,2022-04-21
15701,15,12,2,17,14,2022-04-21
15714,1,1,1,2,2,2022-04-21
15748,2,2,1,3,3,2022-04-21
16002,5,4,2,7,6,2022-04-21
16066,35,24,2,37,26,2022-04-21
16150,2,1,1,3,2,2022-04-21
16335,6,2,2,8,4,2022-04-21
16601,15,12,3,18,15,2022-04-21
16602,23,18,2,25,20,2022-04-21
16635,7,4,1,8,5,2022-04-21
16652,9,5,2,11,7,2022-04-21
16667,5,3,2,7,5,2022-04-21
16686,9,6,1,10,7,2022-04-21
16801,115,65,11,126,76,2022-04-21
16802,17,13,1,18,14,2022-04-21
16803,78,31,10,88,41,2022-04-21
16870,10,2,1,11,3,2022-04-21
17018,3,3,2,5,5,2022-04-21
17019,41,27,4,45,31,2022-04-21
17036,73,46,7,80,53,2022-04-21
17038,5,5,1,6,6,2022-04-21
17053,9,7,1,10,8,2022-04-21
17055,93,68,12,105,80,2022-04-21
17070,45,33,2,47,35,2022-04-21
17087,3,1,1,4,2,2022-04-21
17088,2,1,1,3,2,2022-04-21
17102,19,13,3,22,16,2022-04-21
17104,27,19,4,31,23,2022-04-21
17202,503,421,59,562,480,2022-04-21
17222,184,146,36,220,182,2022-04-21
17235,11,9,1,12,10,2022-04-21
17236,601,457,77,678,534,2022-04-21
17237,59,40,11,70,51,2022-04-21
17238,180,122,14,194,136,2022-04-21
17252,50,39,10,60,49,2022-04-21
17255,2,1,1,3,2,2022-04-21
17272,8,7,1,9,8,2022-04-21
17302,304,213,55,359,268,2022-04-21
17303,7,7,1,8,8,2022-04-21
17304,32,28,1,33,29,2022-04-21
17319,26,20,3,29,23,2022-04-21
17320,922,712,118,1040,830,2022-04-21
17321,429,323,61,490,384,2022-04-21
17322,165,132,26,191,158,2022-04-21
17339,19,17,2,21,19,2022-04-21
17352,110,90,22,132,112,2022-04-21
17353,61,53,6,67,59,2022-04-21
17370,11,10,3,14,13,2022-04-21
15217,62,37,1,63,38,2022-04-21
15219,15,9,2,17,11,2022-04-21
15226,10,6,1,11,7,2022-04-21
15235,17,10,2,19,12,2022-04-21
15237,33,19,1,34,20,2022-04-21
15301,16,8,1,17,9,2022-04-21
15317,36,24,1,37,25,2022-04-21
15401,29,18,4,33,22,2022-04-21
15478,5,5,2,7,7,2022-04-21
15501,20,11,4,24,15,2022-04-21
15530,33,24,2,35,26,2022-04-21
15535,139,103,21,160,124,2022-04-21
15537,49,41,5,54,46,2022-04-21
15562,67,38,1,68,39,2022-04-21
15610,3,2,1,4,3,2022-04-21
15905,23,11,2,25,13,2022-04-21
15946,8,5,1,9,6,2022-04-21
16046,10,7,2,12,9,2022-04-21
16105,11,6,1,12,7,2022-04-21
16148,7,4,1,8,5,2022-04-21
16412,4,3,1,5,4,2022-04-21
16630,4,3,1,5,4,2022-04-21
16648,14,12,3,17,15,2022-04-21
16673,4,4,2,6,6,2022-04-21
16823,26,18,2,28,20,2022-04-21
17007,15,9,2,17,11,2022-04-21
17025,44,26,3,47,29,2022-04-21
17034,3,2,1,4,3,2022-04-21
17050,133,92,13,146,105,2022-04-21
17057,33,18,2,35,20,2022-04-21
17109,41,31,3,44,34,2022-04-21
17214,131,88,20,151,108,2022-04-21
17225,2036,1638,269,2305,1907,2022-04-21
17110,54,43,4,58,47,2022-04-21
17111,75,46,7,82,53,2022-04-21
17112,98,65,5,103,70,2022-04-21
17113,14,9,1,15,10,2022-04-21
17211,52,40,4,56,44,2022-04-21
17212,36,27,4,40,31,2022-04-21
17228,7,7,2,9,9,2022-04-21
17244,7,3,2,9,5,2022-04-21
17263,51,36,6,57,42,2022-04-21
17313,158,129,15,173,144,2022-04-21
17314,1666,1180,259,1925,1439,2022-04-21
17327,518,433,74,592,507,2022-04-21
17329,210,173,19,229,192,2022-04-21
17344,60,45,10,70,55,2022-04-21
17345,35,28,4,39,32,2022-04-21
17347,51,40,7,58,47,2022-04-21
17361,714,591,51,765,642,2022-04-21
17362,246,204,24,270,228,2022-04-21
17363,870,762,71,941,833,2022-04-21
17364,16,14,1,17,15,2022-04-21
17512,64,20,3,67,23,2022-04-21
17529,3,1,1,4,2,2022-04-21
17545,26,17,4,30,21,2022-04-21
17563,73,56,16,89,72,2022-04-21
17579,13,12,2,15,14,2022-04-21
17931,4,3,1,5,4,2022-04-21
17963,5,4,1,6,5,2022-04-21
17981,2,1,1,3,2,2022-04-21
18013,12,7,1,13,8,2022-04-21
18015,31,17,2,33,19,2022-04-21
18049,18,12,2,20,14,2022-04-21
18062,25,18,3,28,21,2022-04-21
18064,19,12,2,21,14,2022-04-21
18066,2,1,2,4,3,2022-04-21
18080,3,3,1,4,4,2022-04-21
18332,1,1,1,2,2,2022-04-21
18350,1,1,1,2,2,2022-04-21
18431,7,4,1,8,5,2022-04-21
18464,1,1,1,2,2,2022-04-21
18634,8,6,1,9,7,2022-04-21
18834,2,1,1,3,2,2022-04-21
18901,45,25,2,47,27,2022-04-21
18966,38,24,3,41,27,2022-04-21
19001,21,11,2,23,13,2022-04-21
19002,69,42,6,75,48,2022-04-21
19015,30,19,1,31,20,2022-04-21
19018,32,20,4,36,24,2022-04-21
19034,26,20,2,28,22,2022-04-21
15545,379,286,36,415,322,2022-04-21
15552,480,317,21,501,338,2022-04-21
15636,1,1,1,2,2,2022-04-21
15902,9,5,1,10,6,2022-04-21
15906,4,1,1,5,2,2022-04-21
15963,13,6,1,14,7,2022-04-21
16506,10,6,1,11,7,2022-04-21
16947,2,2,1,3,3,2022-04-21
17015,35,25,5,40,30,2022-04-21
17022,49,32,2,51,34,2022-04-21
17024,3,1,1,4,2,2022-04-21
17033,48,29,1,49,30,2022-04-21
17040,1,1,1,2,2,2022-04-21
17042,32,23,1,33,24,2022-04-21
17065,11,6,1,12,7,2022-04-21
17067,10,9,1,11,10,2022-04-21
17090,5,4,1,6,5,2022-04-21
17201,348,252,43,391,295,2022-04-21
17224,25,25,4,29,29,2022-04-21
17233,59,44,13,72,57,2022-04-21
17256,9,8,4,13,12,2022-04-21
17267,443,307,45,488,352,2022-04-21
17301,31,26,6,37,32,2022-04-21
17315,136,110,4,140,114,2022-04-21
17317,2,2,1,3,3,2022-04-21
17324,9,7,3,12,10,2022-04-21
17331,2916,2376,265,3181,2641,2022-04-21
17340,1023,808,70,1093,878,2022-04-21
17349,1019,849,65,1084,914,2022-04-21
17356,373,312,38,411,350,2022-04-21
17360,306,253,14,320,267,2022-04-21
17401,54,37,4,58,41,2022-04-21
17408,291,228,23,314,251,2022-04-21
17517,13,11,3,16,14,2022-04-21
17540,8,6,4,12,10,2022-04-21
17560,12,7,3,15,10,2022-04-21
17372,19,13,1,20,14,2022-04-21
17402,478,393,41,519,434,2022-04-21
17403,476,393,31,507,424,2022-04-21
17404,310,245,19,329,264,2022-04-21
17406,166,131,12,178,143,2022-04-21
17519,7,7,1,8,8,2022-04-21
17522,38,31,4,42,35,2022-04-21
17536,24,17,2,26,19,2022-04-21
17554,13,10,1,14,11,2022-04-21
17555,4,2,1,5,3,2022-04-21
17603,176,134,14,190,148,2022-04-21
17754,6,5,2,8,7,2022-04-21
17837,38,19,5,43,24,2022-04-21
17857,5,3,1,6,4,2022-04-21
17870,14,7,2,16,9,2022-04-21
18040,16,11,1,17,12,2022-04-21
18073,6,3,4,10,7,2022-04-21
18091,2,1,1,3,2,2022-04-21
18104,34,20,2,36,22,2022-04-21
18106,9,4,1,10,5,2022-04-21
18325,3,3,2,5,5,2022-04-21
18407,5,1,4,9,5,2022-04-21
18505,18,11,1,19,12,2022-04-21
18508,7,4,1,8,5,2022-04-21
18657,4,2,1,5,3,2022-04-21
18706,7,4,2,9,6,2022-04-21
18707,10,2,1,11,3,2022-04-21
18708,8,6,2,10,8,2022-04-21
18940,50,31,1,51,32,2022-04-21
18974,30,17,2,32,19,2022-04-21
18976,26,23,1,27,24,2022-04-21
19008,34,16,1,35,17,2022-04-21
19009,4,1,1,5,2,2022-04-21
19026,57,37,1,58,38,2022-04-21
19040,21,15,3,24,18,2022-04-21
19041,33,20,2,35,22,2022-04-21
19060,66,53,4,70,57,2022-04-21
19074,11,6,1,12,7,2022-04-21
17565,11,8,1,12,9,2022-04-21
17601,162,115,13,175,128,2022-04-21
17701,24,15,2,26,17,2022-04-21
17844,4,3,1,5,4,2022-04-21
17901,10,7,1,11,8,2022-04-21
18017,22,17,2,24,19,2022-04-21
18042,27,20,3,30,23,2022-04-21
18067,9,6,1,10,7,2022-04-21
18069,10,7,2,12,9,2022-04-21
18103,24,17,2,26,19,2022-04-21
18219,2,1,1,3,2,2022-04-21
18235,7,5,1,8,6,2022-04-21
18301,33,18,2,35,20,2022-04-21
18328,8,5,2,10,7,2022-04-21
18337,9,8,1,10,9,2022-04-21
18344,2,2,1,3,3,2022-04-21
18360,30,22,3,33,25,2022-04-21
18403,7,5,1,8,6,2022-04-21
18428,3,1,2,5,3,2022-04-21
18444,7,6,1,8,7,2022-04-21
18612,16,6,1,17,7,2022-04-21
18853,1,1,1,2,2,2022-04-21
18914,39,34,1,40,35,2022-04-21
18944,21,12,3,24,15,2022-04-21
18964,16,13,2,18,15,2022-04-21
18969,8,8,2,10,10,2022-04-21
19003,41,21,5,46,26,2022-04-21
19014,55,44,3,58,47,2022-04-21
19046,43,21,1,44,22,2022-04-21
19053,37,18,4,41,22,2022-04-21
19055,6,4,1,7,5,2022-04-21
19064,46,39,3,49,42,2022-04-21
19073,59,30,4,63,34,2022-04-21
19078,26,22,1,27,23,2022-04-21
19087,118,74,6,124,80,2022-04-21
19096,67,44,2,69,46,2022-04-21
19103,86,59,6,92,65,2022-04-21
19114,28,13,2,30,15,2022-04-21
19123,49,32,1,50,33,2022-04-21
19128,54,33,4,58,37,2022-04-21
19130,80,41,6,86,47,2022-04-21
19137,1,1,1,2,2,2022-04-21
19139,47,24,2,49,26,2022-04-21
17257,139,108,16,155,124,2022-04-21
17264,6,4,1,7,5,2022-04-21
17268,2170,1727,334,2504,2061,2022-04-21
17307,46,38,1,47,39,2022-04-21
17309,23,19,4,27,23,2022-04-21
17316,56,48,8,64,56,2022-04-21
17325,843,660,98,941,758,2022-04-21
17350,186,154,16,202,170,2022-04-21
17366,71,59,4,75,63,2022-04-21
17368,22,16,5,27,21,2022-04-21
17407,92,80,11,103,91,2022-04-21
17518,8,7,1,9,8,2022-04-21
17532,18,10,3,21,13,2022-04-21
17543,101,77,3,104,80,2022-04-21
17552,25,18,1,26,19,2022-04-21
17557,12,11,3,15,14,2022-04-21
17566,77,52,8,85,60,2022-04-21
17584,37,30,3,40,33,2022-04-21
17602,104,75,7,111,82,2022-04-21
17834,2,1,1,3,2,2022-04-21
18011,2,2,1,3,3,2022-04-21
18034,14,10,1,15,11,2022-04-21
18036,10,9,1,11,10,2022-04-21
18052,13,5,2,15,7,2022-04-21
18202,6,3,1,7,4,2022-04-21
18302,10,8,3,13,11,2022-04-21
18411,21,17,5,26,22,2022-04-21
18445,4,3,1,5,4,2022-04-21
18702,17,10,2,19,12,2022-04-21
18704,14,6,1,15,7,2022-04-21
18902,39,26,3,42,29,2022-04-21
18947,7,5,3,10,8,2022-04-21
18954,15,11,2,17,13,2022-04-21
18972,3,2,1,4,3,2022-04-21
19004,39,21,2,41,23,2022-04-21
19006,28,15,2,30,17,2022-04-21
19013,29,16,3,32,19,2022-04-21
19020,41,29,2,43,31,2022-04-21
19036,19,13,3,22,16,2022-04-21
19146,116,59,5,121,64,2022-04-21
19148,42,25,1,43,26,2022-04-21
19153,13,9,1,14,10,2022-04-21
19312,46,32,2,48,34,2022-04-21
19330,69,48,2,71,50,2022-04-21
19348,297,235,22,319,257,2022-04-21
19355,103,66,5,108,71,2022-04-21
19362,234,165,27,261,192,2022-04-21
19380,202,139,8,210,147,2022-04-21
19382,242,183,8,250,191,2022-04-21
19437,4,1,1,5,2,2022-04-21
19446,90,57,4,94,61,2022-04-21
19462,32,27,1,33,28,2022-04-21
19464,49,26,1,50,27,2022-04-21
19473,29,21,4,33,25,2022-04-21
19530,11,6,1,12,7,2022-04-21
19541,1,1,2,3,3,2022-04-21
19605,12,8,1,13,9,2022-04-21
19607,14,5,4,18,9,2022-04-21
19707,295,219,8,303,227,2022-04-21
19805,226,162,17,243,179,2022-04-21
19807,113,74,7,120,81,2022-04-21
19930,364,243,16,380,259,2022-04-21
19939,570,414,37,607,451,2022-04-21
19941,27,18,2,29,20,2022-04-21
19950,157,119,48,205,167,2022-04-21
19964,33,25,17,50,42,2022-04-21
19966,1027,769,134,1161,903,2022-04-21
19973,1163,913,197,1360,1110,2022-04-21
19975,2267,1503,109,2376,1612,2022-04-21
19980,2,1,1,3,2,2022-04-21
20005,1254,819,140,1394,959,2022-04-21
20007,3656,2325,326,3982,2651,2022-04-21
20009,6128,4125,731,6859,4856,2022-04-21
20014,3,3,1,4,4,2022-04-21
20016,6451,3793,452,6903,4245,2022-04-21
20023,2,1,1,3,2,2022-04-21
20032,4248,2228,210,4458,2438,2022-04-21
20050,1,1,1,2,2,2022-04-21
20057,61,38,7,68,45,2022-04-21
20059,65,37,2,67,39,2022-04-21
20064,22,16,1,23,17,2022-04-21
20109,237,163,18,255,181,2022-04-21
20116,10,7,1,11,8,2022-04-21
20132,157,104,20,177,124,2022-04-21
20141,43,29,4,47,33,2022-04-21
20148,662,439,78,740,517,2022-04-21
20164,382,255,27,409,282,2022-04-21
20166,209,128,13,222,141,2022-04-21
20175,359,232,25,384,257,2022-04-21
20184,8,5,1,9,6,2022-04-21
20191,490,322,29,519,351,2022-04-21
20198,11,6,5,16,11,2022-04-21
20207,13,9,1,14,10,2022-04-21
20216,2,1,1,3,2,2022-04-21
19035,24,17,2,26,19,2022-04-21
19067,104,59,5,109,64,2022-04-21
19082,62,34,4,66,38,2022-04-21
19083,107,75,7,114,82,2022-04-21
19085,25,17,5,30,22,2022-04-21
19102,32,17,1,33,18,2022-04-21
19115,25,12,1,26,13,2022-04-21
19116,23,16,1,24,17,2022-04-21
19118,29,11,1,30,12,2022-04-21
19119,50,29,4,54,33,2022-04-21
19132,30,19,3,33,22,2022-04-21
19133,10,5,1,11,6,2022-04-21
19134,23,16,1,24,17,2022-04-21
19135,12,2,1,13,3,2022-04-21
19152,27,13,1,28,14,2022-04-21
19301,25,17,3,28,20,2022-04-21
19317,84,63,6,90,69,2022-04-21
19333,36,23,2,38,25,2022-04-21
19335,178,140,15,193,155,2022-04-21
19350,385,259,22,407,281,2022-04-21
19351,18,15,1,19,16,2022-04-21
19352,443,306,23,466,329,2022-04-21
19403,71,46,9,80,55,2022-04-21
19468,46,34,3,49,37,2022-04-21
19518,14,9,1,15,10,2022-04-21
19520,10,7,1,11,8,2022-04-21
19567,4,2,1,5,3,2022-04-21
19601,24,17,1,25,18,2022-04-21
19602,3,3,1,4,4,2022-04-21
19701,1383,980,81,1464,1061,2022-04-21
19702,1937,1410,94,2031,1504,2022-04-21
19703,118,78,3,121,81,2022-04-21
19720,515,356,30,545,386,2022-04-21
19734,191,146,16,207,162,2022-04-21
19801,102,72,10,112,82,2022-04-21
19802,123,83,4,127,87,2022-04-21
19803,188,139,11,199,150,2022-04-21
19804,129,105,12,141,117,2022-04-21
19901,265,189,34,299,223,2022-04-21
19904,291,213,26,317,239,2022-04-21
19934,127,94,24,151,118,2022-04-21
19951,39,27,2,41,29,2022-04-21
19952,235,181,35,270,216,2022-04-21
19953,47,36,8,55,44,2022-04-21
19954,16,14,2,18,16,2022-04-21
19968,182,129,18,200,147,2022-04-21
19970,876,558,45,921,603,2022-04-21
19971,407,288,17,424,305,2022-04-21
20001,5148,3380,505,5653,3885,2022-04-21
20002,6910,4454,603,7513,5057,2022-04-21
20003,3391,2184,336,3727,2520,2022-04-21
20004,188,134,13,201,147,2022-04-21
20018,3116,1596,132,3248,1728,2022-04-21
20019,7957,4427,290,8247,4717,2022-04-21
20020,5541,3122,247,5788,3369,2022-04-21
20035,7,5,1,8,6,2022-04-21
20036,717,464,90,807,554,2022-04-21
20037,1059,675,112,1171,787,2022-04-21
20052,56,37,6,62,43,2022-04-21
20105,240,151,23,263,174,2022-04-21
20118,12,10,1,13,11,2022-04-21
20120,448,314,27,475,341,2022-04-21
20121,311,216,18,329,234,2022-04-21
20135,23,17,1,24,18,2022-04-21
20136,153,111,5,158,116,2022-04-21
20137,21,15,2,23,17,2022-04-21
20152,321,209,18,339,227,2022-04-21
20153,3,2,1,4,3,2022-04-21
20155,218,152,13,231,165,2022-04-21
19075,9,6,1,10,7,2022-04-21
19090,23,19,2,25,21,2022-04-21
19107,59,33,2,61,35,2022-04-21
19124,30,18,2,32,20,2022-04-21
19125,55,35,2,57,37,2022-04-21
19127,28,17,2,30,19,2022-04-21
19140,22,13,1,23,14,2022-04-21
19141,36,17,1,37,18,2022-04-21
19143,72,43,3,75,46,2022-04-21
19144,62,31,1,63,32,2022-04-21
19310,20,17,3,23,20,2022-04-21
19311,176,129,8,184,137,2022-04-21
19341,66,42,2,68,44,2022-04-21
19342,84,56,2,86,58,2022-04-21
19343,22,15,3,25,18,2022-04-21
19425,59,33,3,62,36,2022-04-21
19426,83,56,6,89,62,2022-04-21
19428,43,25,7,50,32,2022-04-21
19444,25,16,1,26,17,2022-04-21
19460,77,57,2,79,59,2022-04-21
19475,20,13,2,22,15,2022-04-21
19508,14,10,2,16,12,2022-04-21
19526,10,4,3,13,7,2022-04-21
19543,11,6,1,12,7,2022-04-21
19608,36,20,3,39,23,2022-04-21
19610,28,15,1,29,16,2022-04-21
19709,1235,923,60,1295,983,2022-04-21
19711,1167,805,64,1231,869,2022-04-21
19809,105,73,6,111,79,2022-04-21
19810,177,131,9,186,140,2022-04-21
19943,152,110,22,174,132,2022-04-21
19944,144,74,11,155,85,2022-04-21
19945,781,553,64,845,617,2022-04-21
19946,32,23,6,38,29,2022-04-21
19960,62,51,6,68,57,2022-04-21
19962,105,85,7,112,92,2022-04-21
19963,184,135,13,197,148,2022-04-21
19977,242,168,20,262,188,2022-04-21
20010,3928,2624,326,4254,2950,2022-04-21
20011,10695,6053,596,11291,6649,2022-04-21
20012,4152,2129,166,4318,2295,2022-04-21
20013,42,24,1,43,25,2022-04-21
20026,9,5,1,10,6,2022-04-21
20027,12,9,2,14,11,2022-04-21
20029,8,5,1,9,6,2022-04-21
20044,18,14,1,19,15,2022-04-21
20060,13,10,1,14,11,2022-04-21
20110,240,162,11,251,173,2022-04-21
20111,251,168,16,267,184,2022-04-21
20112,164,109,14,178,123,2022-04-21
20143,24,17,1,25,18,2022-04-21
20144,22,17,2,24,19,2022-04-21
20177,8,8,1,9,9,2022-04-21
20180,755,379,72,827,451,2022-04-21
20194,226,133,19,245,152,2022-04-21
20197,58,27,9,67,36,2022-04-21
19038,72,47,4,76,51,2022-04-21
19056,5,3,3,8,6,2022-04-21
19061,42,31,3,45,34,2022-04-21
19063,117,76,5,122,81,2022-04-21
19072,37,19,1,38,20,2022-04-21
19079,7,7,1,8,8,2022-04-21
19081,38,24,3,41,27,2022-04-21
19104,175,108,7,182,115,2022-04-21
19106,40,20,2,42,22,2022-04-21
19111,49,25,1,50,26,2022-04-21
19120,35,23,4,39,27,2022-04-21
19136,17,7,2,19,9,2022-04-21
19145,37,20,2,39,22,2022-04-21
19147,97,60,3,100,63,2022-04-21
19154,9,7,1,10,8,2022-04-21
19320,130,89,9,139,98,2022-04-21
19363,462,320,54,516,374,2022-04-21
19365,20,19,1,21,20,2022-04-21
19390,246,196,23,269,219,2022-04-21
19422,46,26,2,48,28,2022-04-21
19438,36,23,2,38,25,2022-04-21
19440,28,18,1,29,19,2022-04-21
19454,57,37,3,60,40,2022-04-21
19465,27,17,3,30,20,2022-04-21
19504,5,4,1,6,5,2022-04-21
19522,11,7,1,12,8,2022-04-21
19547,2,1,2,4,3,2022-04-21
19565,3,2,1,4,3,2022-04-21
19604,12,6,2,14,8,2022-04-21
19606,38,24,4,42,28,2022-04-21
19706,28,20,2,30,22,2022-04-21
19713,686,479,49,735,528,2022-04-21
19806,153,102,9,162,111,2022-04-21
19808,468,359,24,492,383,2022-04-21
19931,20,14,4,24,18,2022-04-21
19933,325,237,50,375,287,2022-04-21
19938,105,86,19,124,105,2022-04-21
19940,1683,1294,156,1839,1450,2022-04-21
19947,288,229,48,336,277,2022-04-21
19956,1226,946,155,1381,1101,2022-04-21
19958,531,373,24,555,397,2022-04-21
19967,217,141,8,225,149,2022-04-21
20006,133,79,12,145,91,2022-04-21
20008,5165,3385,448,5613,3833,2022-04-21
20015,4995,3095,236,5231,3331,2022-04-21
20017,3408,1714,162,3570,1876,2022-04-21
20024,1383,905,130,1513,1035,2022-04-21
20040,12,7,1,13,8,2022-04-21
20090,40,26,1,41,27,2022-04-21
20106,22,19,4,26,23,2022-04-21
20108,3,1,1,4,2,2022-04-21
20115,27,19,4,31,23,2022-04-21
20117,24,17,1,25,18,2022-04-21
20122,12,10,1,13,11,2022-04-21
20124,160,121,9,169,130,2022-04-21
20147,663,421,53,716,474,2022-04-21
20151,202,138,26,228,164,2022-04-21
20158,26,15,1,27,16,2022-04-21
20165,425,298,32,457,330,2022-04-21
20174,4,4,1,5,5,2022-04-21
20169,143,98,12,155,110,2022-04-21
20170,497,343,33,530,376,2022-04-21
20171,739,503,55,794,558,2022-04-21
20186,59,36,11,70,47,2022-04-21
20187,78,51,3,81,54,2022-04-21
20202,9,8,1,10,9,2022-04-21
20205,1,1,1,2,2,2022-04-21
20218,2,2,1,3,3,2022-04-21
20220,8,6,1,9,7,2022-04-21
20588,14,13,2,16,15,2022-04-21
20359,1,1,1,2,2,2022-04-21
20176,666,420,49,715,469,2022-04-21
20181,31,19,4,35,23,2022-04-21
20190,429,304,35,464,339,2022-04-21
20201,14,14,1,15,15,2022-04-21
20206,6,6,2,8,8,2022-04-21
20224,3,2,1,4,3,2022-04-21
20376,1,1,1,2,2,2022-04-21
20433,8,4,1,9,5,2022-04-21
20560,6,6,1,7,7,2022-04-21
20212,7,4,2,9,6,2022-04-21
20412,1,1,1,2,2,2022-04-21
20413,1,1,1,2,2,2022-04-21
22025,119,84,7,126,91,2022-04-21
22026,176,100,12,188,112,2022-04-21
22027,63,44,1,64,45,2022-04-21
22041,505,319,42,547,361,2022-04-21
22042,721,503,45,766,548,2022-04-21
22043,672,476,42,714,518,2022-04-21
22060,67,36,4,71,40,2022-04-21
22124,327,212,19,346,231,2022-04-21
22191,687,441,44,731,485,2022-04-21
22192,529,336,48,577,384,2022-04-21
22193,625,432,30,655,462,2022-04-21
22194,4,1,1,5,2,2022-04-21
22207,1067,691,81,1148,772,2022-04-21
22209,854,572,72,926,644,2022-04-21
22307,370,208,14,384,222,2022-04-21
22308,362,214,18,380,232,2022-04-21
22309,694,453,40,734,493,2022-04-21
22310,744,494,52,796,546,2022-04-21
22311,537,371,30,567,401,2022-04-21
21945,1,1,1,2,2,2022-04-21
22031,799,597,48,847,645,2022-04-21
22079,480,343,31,511,374,2022-04-21
22106,4,3,1,5,4,2022-04-21
22122,6,5,1,7,6,2022-04-21
22172,71,49,9,80,58,2022-04-21
22181,298,209,7,305,216,2022-04-21
22195,7,6,1,8,7,2022-04-21
22204,1361,935,107,1468,1042,2022-04-21
22206,706,486,53,759,539,2022-04-21
22211,7,6,1,8,7,2022-04-21
22213,110,73,2,112,75,2022-04-21
22222,2,2,2,4,4,2022-04-21
22304,1462,979,87,1549,1066,2022-04-21
22306,837,536,57,894,593,2022-04-21
22315,620,418,35,655,453,2022-04-21
22406,108,73,13,121,86,2022-04-21
22554,360,223,16,376,239,2022-04-21
22556,141,91,10,151,101,2022-04-21
22572,16,12,3,19,15,2022-04-21
22624,9,8,2,11,10,2022-04-21
22656,30,19,5,35,24,2022-04-21
22663,9,5,1,10,6,2022-04-21
22747,4,3,1,5,4,2022-04-21
22015,616,424,40,656,464,2022-04-21
22032,457,327,33,490,360,2022-04-21
22033,561,391,35,596,426,2022-04-21
22035,3,2,1,4,3,2022-04-21
22066,545,369,27,572,396,2022-04-21
22068,1,1,1,2,2,2022-04-21
22101,1376,880,71,1447,951,2022-04-21
22102,1120,771,58,1178,829,2022-04-21
22134,19,5,1,20,6,2022-04-21
22150,523,366,31,554,397,2022-04-21
22151,298,196,15,313,211,2022-04-21
22152,467,320,27,494,347,2022-04-21
22182,833,597,45,878,642,2022-04-21
22199,6,5,1,7,6,2022-04-21
22201,1686,1159,154,1840,1313,2022-04-21
22202,1249,855,88,1337,943,2022-04-21
22301,516,341,27,543,368,2022-04-21
22302,638,427,48,686,475,2022-04-21
22401,115,74,5,120,79,2022-04-21
22485,512,413,35,547,448,2022-04-21
22503,16,12,1,17,13,2022-04-21
22520,57,43,8,65,51,2022-04-21
22551,38,27,4,42,31,2022-04-21
22553,48,34,2,50,36,2022-04-21
22567,4,4,1,5,5,2022-04-21
22601,134,75,8,142,83,2022-04-21
22602,124,89,13,137,102,2022-04-21
22603,55,44,10,65,54,2022-04-21
22620,15,8,3,18,11,2022-04-21
22701,83,60,3,86,63,2022-04-21
22736,2,2,1,3,3,2022-04-21
22801,110,74,5,115,79,2022-04-21
22802,42,29,2,44,31,2022-04-21
22835,20,14,1,21,15,2022-04-21
22851,4,3,1,5,4,2022-04-21
22853,1,1,1,2,2,2022-04-21
22901,93,57,4,97,61,2022-04-21
22902,66,41,5,71,46,2022-04-21
22903,144,89,12,156,101,2022-04-21
22904,12,6,1,13,7,2022-04-21
22936,15,8,1,16,9,2022-04-21
22003,973,667,52,1025,719,2022-04-21
22030,811,571,55,866,626,2022-04-21
22039,236,167,22,258,189,2022-04-21
22044,295,194,16,311,210,2022-04-21
22046,423,281,39,462,320,2022-04-21
22103,1,1,2,3,3,2022-04-21
22121,2,2,1,3,3,2022-04-21
22153,431,294,32,463,326,2022-04-21
22180,586,402,41,627,443,2022-04-21
22203,860,594,86,946,680,2022-04-21
22205,442,301,32,474,333,2022-04-21
22303,721,448,56,777,504,2022-04-21
22305,492,318,27,519,345,2022-04-21
22312,785,530,41,826,571,2022-04-21
22314,1633,1032,84,1717,1116,2022-04-21
22405,112,78,10,122,88,2022-04-21
22407,232,134,10,242,144,2022-04-21
22448,28,13,4,32,17,2022-04-21
22473,39,24,9,48,33,2022-04-21
22480,5,3,1,6,4,2022-04-21
22546,49,28,5,54,33,2022-04-21
22824,5,2,2,7,4,2022-04-21
22840,5,4,2,7,6,2022-04-21
22942,9,5,1,10,6,2022-04-21
22947,14,11,1,15,12,2022-04-21
22958,2,2,1,3,3,2022-04-21
22963,17,8,1,18,9,2022-04-21
23024,12,6,1,13,7,2022-04-21
23072,11,5,2,13,7,2022-04-21
23117,47,35,4,51,39,2022-04-21
23140,5,3,1,6,4,2022-04-21
23181,5,3,4,9,7,2022-04-21
23192,9,5,2,11,7,2022-04-21
23224,53,38,3,56,41,2022-04-21
23226,23,15,3,26,18,2022-04-21
23231,38,24,5,43,29,2022-04-21
23233,99,49,3,102,52,2022-04-21
23301,49,31,4,53,35,2022-04-21
23306,5,3,2,7,5,2022-04-21
23308,81,57,9,90,66,2022-04-21
23324,19,14,1,20,15,2022-04-21
23356,560,318,42,602,360,2022-04-21
23415,303,222,28,331,250,2022-04-21
23417,87,55,12,99,67,2022-04-21
23426,21,17,2,23,19,2022-04-21
23440,77,49,11,88,60,2022-04-21
23442,132,97,14,146,111,2022-04-21
23451,88,60,4,92,64,2022-04-21
23456,71,38,3,74,41,2022-04-21
23483,17,10,2,19,12,2022-04-21
23517,5,4,1,6,5,2022-04-21
23601,21,13,1,22,14,2022-04-21
23608,41,27,1,42,28,2022-04-21
23669,65,38,2,67,40,2022-04-21
23692,15,6,2,17,8,2022-04-21
23701,32,14,1,33,15,2022-04-21
23824,6,3,3,9,6,2022-04-21
23901,14,9,2,16,11,2022-04-21
23924,6,4,1,7,5,2022-04-21
23944,6,4,1,7,5,2022-04-21
24017,17,11,1,18,12,2022-04-21
24060,156,77,4,160,81,2022-04-21
24067,2,2,1,3,3,2022-04-21
24153,19,13,1,20,14,2022-04-21
24201,6,4,1,7,5,2022-04-21
24401,46,28,1,47,29,2022-04-21
24501,31,20,1,32,21,2022-04-21
24503,22,9,3,25,12,2022-04-21
24521,9,7,1,10,8,2022-04-21
24551,29,18,1,30,19,2022-04-21
24637,1,1,1,2,2,2022-04-21
25271,2,1,1,3,2,2022-04-21
25403,763,526,69,832,595,2022-04-21
25405,356,253,38,394,291,2022-04-21
25412,1,1,1,2,2,2022-04-21
25414,726,557,46,772,603,2022-04-21
25423,2,2,1,3,3,2022-04-21
25430,214,152,20,234,172,2022-04-21
25446,16,13,1,17,14,2022-04-21
26425,20,9,2,22,11,2022-04-21
26525,102,61,6,108,67,2022-04-21
26541,7,5,1,8,6,2022-04-21
26716,120,87,6,126,93,2022-04-21
26743,36,22,5,41,27,2022-04-21
26750,38,27,4,42,31,2022-04-21
26757,62,41,6,68,47,2022-04-21
26818,2,1,1,3,2,2022-04-21
22408,113,77,8,121,85,2022-04-21
22443,256,199,21,277,220,2022-04-21
22476,2,2,2,4,4,2022-04-21
22508,44,29,4,48,33,2022-04-21
22560,18,11,1,19,12,2022-04-21
22576,8,5,1,9,6,2022-04-21
22611,39,34,5,44,39,2022-04-21
22625,21,14,7,28,21,2022-04-21
22642,12,7,1,13,8,2022-04-21
22712,26,22,1,27,23,2022-04-21
22727,9,7,1,10,8,2022-04-21
22810,4,2,1,5,3,2022-04-21
22812,9,6,2,11,8,2022-04-21
22911,41,22,1,42,23,2022-04-21
22960,8,6,1,9,7,2022-04-21
23009,4,1,1,5,2,2022-04-21
23060,55,38,5,60,43,2022-04-21
23061,15,11,6,21,17,2022-04-21
23063,2,1,1,3,2,2022-04-21
23093,24,16,2,26,18,2022-04-21
23112,66,40,6,72,46,2022-04-21
23113,45,31,2,47,33,2022-04-21
23146,2,2,1,3,3,2022-04-21
23227,26,18,2,28,20,2022-04-21
23228,39,26,3,42,29,2022-04-21
23229,43,27,2,45,29,2022-04-21
23294,34,21,1,35,22,2022-04-21
23310,14,5,2,16,7,2022-04-21
23345,1,1,1,2,2,2022-04-21
23395,153,113,28,181,141,2022-04-21
23410,36,30,3,39,33,2022-04-21
23413,16,7,12,28,19,2022-04-21
23414,17,11,3,20,14,2022-04-21
23427,22,12,1,23,13,2022-04-21
23430,11,5,1,12,6,2022-04-21
23462,79,44,3,82,47,2022-04-21
23464,69,43,7,76,50,2022-04-21
23480,10,6,1,11,7,2022-04-21
23513,25,17,4,29,21,2022-04-21
23663,11,4,2,13,6,2022-04-21
23664,15,9,2,17,11,2022-04-21
23831,43,32,3,46,35,2022-04-21
23847,13,10,2,15,12,2022-04-21
23930,5,3,1,6,4,2022-04-21
24012,16,10,1,17,11,2022-04-21
24013,4,2,1,5,3,2022-04-21
24014,19,10,1,20,11,2022-04-21
24015,12,9,1,13,10,2022-04-21
24333,2,2,1,3,3,2022-04-21
24450,33,21,3,36,24,2022-04-21
24599,1,1,2,3,3,2022-04-21
24901,8,4,1,9,5,2022-04-21
25401,419,300,35,454,335,2022-04-21
25402,12,8,3,15,11,2022-04-21
25419,1863,1327,201,2064,1528,2022-04-21
25434,58,25,7,65,32,2022-04-21
25701,14,5,1,15,6,2022-04-21
25703,4,2,1,5,3,2022-04-21
25801,24,16,2,26,18,2022-04-21
26003,13,7,1,14,8,2022-04-21
26201,13,4,1,14,5,2022-04-21
26287,23,13,2,25,15,2022-04-21
26354,11,10,2,13,12,2022-04-21
26452,3,1,1,4,2,2022-04-21
22630,164,51,11,175,62,2022-04-21
22655,68,44,12,80,56,2022-04-21
22657,23,13,2,25,15,2022-04-21
22664,12,6,1,13,7,2022-04-21
22923,8,7,2,10,9,2022-04-21
22932,11,8,1,12,9,2022-04-21
23005,11,5,2,13,7,2022-04-21
23059,89,49,3,92,52,2022-04-21
23075,14,9,1,15,10,2022-04-21
23114,26,18,1,27,19,2022-04-21
23116,57,33,2,59,35,2022-04-21
23139,15,11,4,19,15,2022-04-21
23150,11,6,1,12,7,2022-04-21
23223,102,57,7,109,64,2022-04-21
23225,68,36,3,71,39,2022-04-21
23234,67,48,3,70,51,2022-04-21
23323,38,22,2,40,24,2022-04-21
23325,17,10,1,18,11,2022-04-21
23350,32,13,1,33,14,2022-04-21
23357,15,11,1,16,12,2022-04-21
23359,69,46,5,74,51,2022-04-21
23407,39,20,3,42,23,2022-04-21
23416,62,37,5,67,42,2022-04-21
23418,30,23,1,31,24,2022-04-21
23434,46,27,2,48,29,2022-04-21
23441,17,10,1,18,11,2022-04-21
23507,9,4,1,10,5,2022-04-21
23509,17,10,1,18,11,2022-04-21
23518,36,19,7,43,26,2022-04-21
23602,41,23,4,45,27,2022-04-21
23666,115,66,5,120,71,2022-04-21
23668,16,12,1,17,13,2022-04-21
23707,7,4,2,9,6,2022-04-21
23832,47,24,5,52,29,2022-04-21
23834,14,9,1,15,10,2022-04-21
23927,7,4,1,8,5,2022-04-21
24018,46,32,1,47,33,2022-04-21
24175,2,1,1,3,2,2022-04-21
24477,7,7,2,9,9,2022-04-21
24502,48,25,5,53,30,2022-04-21
24563,2,2,1,3,3,2022-04-21
24586,7,6,4,11,10,2022-04-21
24870,1,1,1,2,2,2022-04-21
25245,1,1,1,2,2,2022-04-21
25404,927,667,97,1024,764,2022-04-21
25413,98,64,16,114,80,2022-04-21
25420,66,48,12,78,60,2022-04-21
25422,83,36,9,92,45,2022-04-21
25431,8,5,3,11,8,2022-04-21
25438,229,168,28,257,196,2022-04-21
26292,39,17,1,40,18,2022-04-21
26301,29,17,3,32,20,2022-04-21
26501,97,75,1,98,76,2022-04-21
23086,1,1,1,2,2,2022-04-21
23103,4,3,2,6,5,2022-04-21
23120,17,7,1,18,8,2022-04-21
23185,75,44,5,80,49,2022-04-21
23188,77,44,4,81,48,2022-04-21
23219,25,14,2,27,16,2022-04-21
23220,103,60,8,111,68,2022-04-21
23235,39,27,3,42,30,2022-04-21
23236,27,15,3,30,18,2022-04-21
23237,21,10,1,22,11,2022-04-21
23238,43,29,4,47,33,2022-04-21
23302,31,19,3,34,22,2022-04-21
23303,132,72,16,148,88,2022-04-21
23320,74,38,2,76,40,2022-04-21
23321,61,39,3,64,42,2022-04-21
23322,58,24,5,63,29,2022-04-21
23336,467,273,53,520,326,2022-04-21
23337,61,37,10,71,47,2022-04-21
23389,4,3,1,5,4,2022-04-21
23420,29,19,2,31,21,2022-04-21
23421,162,108,8,170,116,2022-04-21
23452,67,38,15,82,53,2022-04-21
23453,39,28,3,42,31,2022-04-21
23454,95,50,4,99,54,2022-04-21
23455,47,25,4,51,29,2022-04-21
23488,41,34,2,43,36,2022-04-21
23502,26,19,4,30,23,2022-04-21
23503,28,13,2,30,15,2022-04-21
23605,13,8,2,15,10,2022-04-21
23606,29,19,3,32,22,2022-04-21
23803,54,37,3,57,40,2022-04-21
23805,30,19,1,31,20,2022-04-21
23838,19,17,1,20,18,2022-04-21
24055,3,2,1,4,3,2022-04-21
24073,27,19,2,29,21,2022-04-21
24104,2,2,1,3,3,2022-04-21
24141,19,9,4,23,13,2022-04-21
24375,1,1,1,2,2,2022-04-21
24557,6,3,1,7,4,2022-04-21
24558,14,6,1,15,7,2022-04-21
24572,6,6,1,7,7,2022-04-21
24589,2,2,1,3,3,2022-04-21
24592,7,4,1,8,5,2022-04-21
24740,11,9,2,13,11,2022-04-21
24925,1,1,1,2,2,2022-04-21
25411,557,327,47,604,374,2022-04-21
25425,774,590,69,843,659,2022-04-21
25427,745,492,91,836,583,2022-04-21
25428,211,152,22,233,174,2022-04-21
25442,94,63,7,101,70,2022-04-21
25443,561,313,28,589,341,2022-04-21
25444,11,7,1,12,8,2022-04-21
26062,4,3,1,5,4,2022-04-21
26260,96,44,4,100,48,2022-04-21
26378,2,2,1,3,3,2022-04-21
26444,14,11,1,15,12,2022-04-21
26711,7,6,1,8,7,2022-04-21
26763,99,61,6,105,67,2022-04-21
26764,553,362,19,572,381,2022-04-21
26847,13,7,3,16,10,2022-04-21
27012,14,8,1,15,9,2022-04-21
27265,32,18,1,33,19,2022-04-21
27282,10,5,1,11,6,2022-04-21
27332,8,5,2,10,7,2022-04-21
26508,195,167,3,198,170,2022-04-21
26717,72,42,1,73,43,2022-04-21
26719,432,306,40,472,346,2022-04-21
26726,707,484,60,767,544,2022-04-21
26767,164,96,15,179,111,2022-04-21
26851,6,4,2,8,6,2022-04-21
27101,16,8,3,19,11,2022-04-21
27262,9,4,1,10,5,2022-04-21
27278,13,9,2,15,11,2022-04-21
27292,6,2,1,7,3,2022-04-21
27301,8,5,2,10,7,2022-04-21
27401,14,9,1,15,10,2022-04-21
27403,11,9,1,12,10,2022-04-21
27410,47,31,4,51,35,2022-04-21
27510,33,20,1,34,21,2022-04-21
27519,93,50,5,98,55,2022-04-21
27537,3,3,1,4,4,2022-04-21
27560,50,30,2,52,32,2022-04-21
27571,5,2,1,6,3,2022-04-21
27587,46,26,1,47,27,2022-04-21
27603,30,13,2,32,15,2022-04-21
27610,36,22,2,38,24,2022-04-21
27612,22,12,3,25,15,2022-04-21
27703,71,40,4,75,44,2022-04-21
27705,58,29,7,65,36,2022-04-21
27812,3,1,1,4,2,2022-04-21
27880,2,1,1,3,2,2022-04-21
27944,6,3,1,7,4,2022-04-21
28012,7,6,2,9,8,2022-04-21
28037,5,2,1,6,3,2022-04-21
26505,186,147,7,193,154,2022-04-21
26519,15,10,1,16,11,2022-04-21
26537,26,17,1,27,18,2022-04-21
26554,74,56,4,78,60,2022-04-21
26704,28,19,5,33,24,2022-04-21
26705,222,141,2,224,143,2022-04-21
26720,42,26,1,43,27,2022-04-21
26722,45,27,5,50,32,2022-04-21
26739,74,40,6,80,46,2022-04-21
26753,1483,946,117,1600,1063,2022-04-21
27104,25,19,3,28,22,2022-04-21
27105,22,8,1,23,9,2022-04-21
27106,25,11,1,26,12,2022-04-21
27107,9,7,3,12,10,2022-04-21
27258,2,1,1,3,2,2022-04-21
27405,31,17,2,33,19,2022-04-21
27407,35,18,3,38,21,2022-04-21
27455,13,9,1,14,10,2022-04-21
27522,7,5,1,8,6,2022-04-21
27525,9,2,2,11,4,2022-04-21
27540,30,16,2,32,18,2022-04-21
27591,5,5,1,6,6,2022-04-21
27606,55,25,3,58,28,2022-04-21
27607,22,16,3,25,19,2022-04-21
27707,81,47,5,86,52,2022-04-21
27858,24,15,3,27,18,2022-04-21
27889,5,3,1,6,4,2022-04-21
27892,4,3,1,5,4,2022-04-21
27893,20,11,2,22,13,2022-04-21
27958,4,1,1,5,2,2022-04-21
28025,14,5,1,15,6,2022-04-21
27043,2,1,1,3,2,2022-04-21
27284,15,10,2,17,12,2022-04-21
27302,15,8,2,17,10,2022-04-21
27409,20,15,1,21,16,2022-04-21
27502,36,20,2,38,22,2022-04-21
27504,2,1,2,4,3,2022-04-21
27511,17,6,4,21,10,2022-04-21
27520,22,13,1,23,14,2022-04-21
27534,16,7,1,17,8,2022-04-21
27545,9,5,2,11,7,2022-04-21
27609,22,9,1,23,10,2022-04-21
27613,45,22,3,48,25,2022-04-21
27713,107,54,1,108,55,2022-04-21
27870,13,10,2,15,12,2022-04-21
27927,8,2,1,9,3,2022-04-21
28027,28,13,2,30,15,2022-04-21
28036,11,5,3,14,8,2022-04-21
28054,17,7,2,19,9,2022-04-21
28056,8,3,1,9,4,2022-04-21
28077,2,1,2,4,3,2022-04-21
28081,8,4,2,10,6,2022-04-21
28104,21,12,2,23,14,2022-04-21
28120,6,1,1,7,2,2022-04-21
28211,11,6,3,14,9,2022-04-21
28270,25,14,1,26,15,2022-04-21
28304,22,6,2,24,8,2022-04-21
28311,33,20,4,37,24,2022-04-21
28320,2,2,1,3,3,2022-04-21
28345,4,1,1,5,2,2022-04-21
28390,12,6,3,15,9,2022-04-21
28445,5,1,1,6,2,2022-04-21
27513,50,29,3,53,32,2022-04-21
27514,55,34,5,60,39,2022-04-21
27516,58,29,1,59,30,2022-04-21
27517,40,17,3,43,20,2022-04-21
27530,14,9,1,15,10,2022-04-21
27583,1,1,1,2,2,2022-04-21
27597,7,2,1,8,3,2022-04-21
27615,28,17,2,30,19,2022-04-21
27616,40,28,4,44,32,2022-04-21
27834,17,9,2,19,11,2022-04-21
27932,10,5,1,11,6,2022-04-21
27948,17,12,3,20,15,2022-04-21
28117,29,13,1,30,14,2022-04-21
28134,7,4,3,10,7,2022-04-21
28202,20,9,1,21,10,2022-04-21
28215,21,14,1,22,15,2022-04-21
28216,36,24,1,37,25,2022-04-21
28217,22,11,1,23,12,2022-04-21
28269,53,29,2,55,31,2022-04-21
28334,2,1,1,3,2,2022-04-21
28451,29,15,1,30,16,2022-04-21
28467,14,9,1,15,10,2022-04-21
28469,8,4,1,9,5,2022-04-21
28501,5,4,1,6,5,2022-04-21
28584,5,4,2,7,6,2022-04-21
28601,9,8,1,10,9,2022-04-21
28787,7,4,1,8,5,2022-04-21
28078,40,21,3,43,24,2022-04-21
28105,23,10,1,24,11,2022-04-21
28205,27,12,2,29,14,2022-04-21
28212,28,21,2,30,23,2022-04-21
28262,25,15,3,28,18,2022-04-21
28278,21,10,2,23,12,2022-04-21
28314,57,28,1,58,29,2022-04-21
28348,18,13,2,20,15,2022-04-21
28364,1,1,1,2,2,2022-04-21
28403,46,27,1,47,28,2022-04-21
28405,24,15,1,25,16,2022-04-21
28412,23,15,2,25,17,2022-04-21
28532,18,15,3,21,18,2022-04-21
28539,11,3,1,12,4,2022-04-21
28546,30,13,5,35,18,2022-04-21
28555,2,2,1,3,3,2022-04-21
28562,26,16,1,27,17,2022-04-21
28607,10,2,2,12,4,2022-04-21
28748,1,1,1,2,2,2022-04-21
29150,18,13,1,19,14,2022-04-21
29180,5,3,1,6,4,2022-04-21
29223,29,20,4,33,24,2022-04-21
29316,8,5,2,10,7,2022-04-21
29414,27,15,3,30,18,2022-04-21
29418,12,6,1,13,7,2022-04-21
28043,2,2,1,3,3,2022-04-21
28110,11,10,1,12,11,2022-04-21
28209,4,3,1,5,4,2022-04-21
28226,19,6,2,21,8,2022-04-21
28227,23,16,2,25,18,2022-04-21
28277,57,31,2,59,33,2022-04-21
28307,2,2,1,3,3,2022-04-21
28326,19,12,1,20,13,2022-04-21
28409,14,11,1,15,12,2022-04-21
28411,17,10,1,18,11,2022-04-21
28425,2,1,1,3,2,2022-04-21
28443,21,9,1,22,10,2022-04-21
28460,11,9,1,12,10,2022-04-21
28461,26,12,2,28,14,2022-04-21
28645,3,2,1,4,3,2022-04-21
28658,2,1,1,3,2,2022-04-21
28761,1,1,1,2,2,2022-04-21
29045,11,8,1,12,9,2022-04-21
29061,8,4,1,9,5,2022-04-21
29127,3,1,1,4,2,2022-04-21
29210,19,12,1,20,13,2022-04-21
29229,46,29,3,49,32,2022-04-21
29412,12,6,2,14,8,2022-04-21
29464,35,19,1,36,20,2022-04-21
29527,15,6,1,16,7,2022-04-21
29577,45,29,1,46,30,2022-04-21
29579,36,21,3,39,24,2022-04-21
29611,8,3,1,9,4,2022-04-21
29630,11,7,1,12,8,2022-04-21
29645,1,1,1,2,2,2022-04-21
29662,5,2,1,6,3,2022-04-21
29678,6,3,2,8,5,2022-04-21
29730,10,8,3,13,11,2022-04-21
29829,4,3,1,5,4,2022-04-21
29945,4,3,1,5,4,2022-04-21
30030,27,16,2,29,18,2022-04-21
30032,23,14,4,27,18,2022-04-21
30045,14,6,4,18,10,2022-04-21
30046,10,4,3,13,7,2022-04-21
30062,27,12,1,28,13,2022-04-21
30064,17,9,1,18,10,2022-04-21
30080,25,11,2,27,13,2022-04-21
30096,41,27,5,46,32,2022-04-21
30097,15,11,1,16,12,2022-04-21
30114,13,9,2,15,11,2022-04-21
30165,6,2,1,7,3,2022-04-21
30180,12,7,2,14,9,2022-04-21
30213,24,14,1,25,15,2022-04-21
30215,9,5,1,10,6,2022-04-21
30248,8,4,2,10,6,2022-04-21
30281,26,12,1,27,13,2022-04-21
30313,5,4,1,6,5,2022-04-21
30315,16,7,1,17,8,2022-04-21
30316,26,14,1,27,15,2022-04-21
30329,39,19,4,43,23,2022-04-21
30331,34,14,1,35,15,2022-04-21
30349,42,29,1,43,30,2022-04-21
30548,4,2,1,5,3,2022-04-21
28570,6,4,1,7,5,2022-04-21
28574,9,6,1,10,7,2022-04-21
28613,3,3,1,4,4,2022-04-21
28704,12,8,1,13,9,2022-04-21
29063,10,4,2,12,6,2022-04-21
29072,18,11,1,19,12,2022-04-21
29306,4,1,1,5,2,2022-04-21
29440,7,5,1,8,6,2022-04-21
29483,19,11,3,22,14,2022-04-21
29492,11,2,2,13,4,2022-04-21
29501,25,17,1,26,18,2022-04-21
29526,33,16,3,36,19,2022-04-21
29556,6,5,1,7,6,2022-04-21
29574,3,2,1,4,3,2022-04-21
29576,32,24,5,37,29,2022-04-21
29585,19,13,2,21,15,2022-04-21
29651,11,5,5,16,10,2022-04-21
29676,2,1,1,3,2,2022-04-21
29690,3,2,3,6,5,2022-04-21
29715,11,5,1,12,6,2022-04-21
28803,14,5,1,15,6,2022-04-21
29020,5,3,1,6,4,2022-04-21
29101,NA,1,1,NA,2,2022-04-21
29118,7,4,1,8,5,2022-04-21
29169,7,4,1,8,5,2022-04-21
29201,20,7,2,22,9,2022-04-21
29203,12,7,2,14,9,2022-04-21
29204,8,5,2,10,7,2022-04-21
29403,26,14,2,28,16,2022-04-21
29405,6,4,1,7,5,2022-04-21
29420,11,6,1,12,7,2022-04-21
29439,3,1,2,5,3,2022-04-21
29455,25,12,1,26,13,2022-04-21
29485,24,13,3,27,16,2022-04-21
29505,4,3,1,5,4,2022-04-21
29572,20,13,1,21,14,2022-04-21
29588,20,10,3,23,13,2022-04-21
29605,5,3,1,6,4,2022-04-21
29687,9,4,3,12,7,2022-04-21
29803,16,9,1,17,10,2022-04-21
29906,13,9,1,14,10,2022-04-21
30005,22,12,2,24,14,2022-04-21
30021,13,8,1,14,9,2022-04-21
30022,39,21,2,41,23,2022-04-21
30038,19,8,1,20,9,2022-04-21
30040,11,5,1,12,6,2022-04-21
30054,2,2,1,3,3,2022-04-21
30087,20,11,1,21,12,2022-04-21
29466,35,19,3,38,22,2022-04-21
29550,10,7,1,11,8,2022-04-21
29566,20,13,2,22,15,2022-04-21
29582,24,13,2,26,15,2022-04-21
29607,15,7,3,18,10,2022-04-21
29609,10,8,1,11,9,2022-04-21
29650,14,9,1,15,10,2022-04-21
29673,5,3,1,6,4,2022-04-21
29707,20,8,1,21,9,2022-04-21
29902,8,3,1,9,4,2022-04-21
29909,26,13,1,27,14,2022-04-21
30016,20,8,2,22,10,2022-04-21
30041,16,7,1,17,8,2022-04-21
30043,40,19,2,42,21,2022-04-21
30052,28,13,1,29,14,2022-04-21
30084,28,13,2,30,15,2022-04-21
30093,13,8,1,14,9,2022-04-21
30102,9,3,1,10,4,2022-04-21
30127,41,22,3,44,25,2022-04-21
30143,4,3,2,6,5,2022-04-21
30277,3,1,1,4,2,2022-04-21
30309,42,23,2,44,25,2022-04-21
30311,12,8,1,13,9,2022-04-21
30318,43,23,4,47,27,2022-04-21
30345,23,15,1,24,16,2022-04-21
30350,22,10,2,24,12,2022-04-21
30461,4,1,1,5,2,2022-04-21
30518,12,5,3,15,8,2022-04-21
30534,6,3,1,7,4,2022-04-21
30750,4,1,1,5,2,2022-04-21
31315,7,3,1,8,4,2022-04-21
31401,19,10,2,21,12,2022-04-21
31419,18,11,1,19,12,2022-04-21
32003,17,11,1,18,12,2022-04-21
32034,36,14,1,37,15,2022-04-21
32084,25,10,4,29,14,2022-04-21
32118,9,6,2,11,8,2022-04-21
32119,9,6,1,10,7,2022-04-21
32136,6,3,2,8,5,2022-04-21
32137,31,18,2,33,20,2022-04-21
32168,11,7,1,12,8,2022-04-21
32218,22,11,2,24,13,2022-04-21
32219,2,2,1,3,3,2022-04-21
32254,3,2,1,4,3,2022-04-21
32303,24,14,3,27,17,2022-04-21
32304,34,21,2,36,23,2022-04-21
32504,9,3,1,10,4,2022-04-21
32536,28,11,1,29,12,2022-04-21
32539,8,6,2,10,8,2022-04-21
32570,13,7,1,14,8,2022-04-21
32605,13,5,1,14,6,2022-04-21
32606,15,7,1,16,8,2022-04-21
32703,12,9,3,15,12,2022-04-21
32738,10,8,2,12,10,2022-04-21
32754,6,2,2,8,4,2022-04-21
32773,10,6,1,11,7,2022-04-21
32789,20,12,1,21,13,2022-04-21
29851,2,2,1,3,3,2022-04-21
29874,2,1,1,3,2,2022-04-21
29910,32,14,2,34,16,2022-04-21
30008,6,2,1,7,3,2022-04-21
30017,17,9,1,18,10,2022-04-21
30024,27,12,1,28,13,2022-04-21
30033,36,22,1,37,23,2022-04-21
30035,8,4,1,9,5,2022-04-21
30058,26,14,1,27,15,2022-04-21
30067,25,16,1,26,17,2022-04-21
30076,17,5,1,18,6,2022-04-21
30083,25,16,2,27,18,2022-04-21
30126,23,10,1,24,11,2022-04-21
30135,14,8,1,15,9,2022-04-21
30144,20,10,1,21,11,2022-04-21
30253,18,13,1,19,14,2022-04-21
30260,4,2,1,5,3,2022-04-21
30294,13,9,1,14,10,2022-04-21
30303,9,5,2,11,7,2022-04-21
30310,12,6,1,13,7,2022-04-21
30317,6,3,1,7,4,2022-04-21
30319,41,22,1,42,23,2022-04-21
30328,25,5,1,26,6,2022-04-21
30342,21,11,1,22,12,2022-04-21
30344,15,8,2,17,10,2022-04-21
30519,11,6,2,13,8,2022-04-21
31005,6,4,1,7,5,2022-04-21
31312,2,2,1,3,3,2022-04-21
31405,18,7,1,19,8,2022-04-21
31548,13,7,2,15,9,2022-04-21
30188,13,5,3,16,8,2022-04-21
30189,10,5,2,12,7,2022-04-21
30238,11,1,1,12,2,2022-04-21
30290,2,1,1,3,2,2022-04-21
30305,19,9,2,21,11,2022-04-21
30306,20,9,1,21,10,2022-04-21
30322,12,6,1,13,7,2022-04-21
30324,33,12,4,37,16,2022-04-21
30338,21,10,1,22,11,2022-04-21
30340,5,2,1,6,3,2022-04-21
30341,19,11,1,20,12,2022-04-21
30606,16,9,2,18,11,2022-04-21
30642,3,1,1,4,2,2022-04-21
30809,42,32,1,43,33,2022-04-21
30906,21,10,2,23,12,2022-04-21
30907,20,12,1,21,13,2022-04-21
30909,50,29,1,51,30,2022-04-21
31025,1,1,1,2,2,2022-04-21
31324,26,10,1,27,11,2022-04-21
31558,10,4,1,11,5,2022-04-21
31909,19,15,2,21,17,2022-04-21
32043,120,62,12,132,74,2022-04-21
32127,14,9,3,17,12,2022-04-21
32128,20,12,1,21,13,2022-04-21
32159,12,4,1,13,5,2022-04-21
32162,55,22,1,56,23,2022-04-21
30559,1,1,1,2,2,2022-04-21
30577,2,1,1,3,2,2022-04-21
30677,6,3,2,8,5,2022-04-21
30720,3,2,1,4,3,2022-04-21
30813,50,28,4,54,32,2022-04-21
31088,23,10,1,24,11,2022-04-21
31206,4,1,1,5,2,2022-04-21
31313,20,14,2,22,16,2022-04-21
31322,10,3,1,11,4,2022-04-21
31406,16,11,1,17,12,2022-04-21
31906,4,2,1,5,3,2022-04-21
32065,16,9,1,17,10,2022-04-21
32092,21,12,3,24,15,2022-04-21
32097,8,2,1,9,3,2022-04-21
32124,4,2,1,5,3,2022-04-21
32174,20,13,4,24,17,2022-04-21
32208,8,5,1,9,6,2022-04-21
32217,6,3,1,7,4,2022-04-21
32224,17,9,2,19,11,2022-04-21
32233,9,4,1,10,5,2022-04-21
32256,47,29,1,48,30,2022-04-21
32258,17,9,1,18,10,2022-04-21
32308,8,6,2,10,8,2022-04-21
32408,12,6,1,13,7,2022-04-21
32433,3,1,1,4,2,2022-04-21
32501,4,2,1,5,3,2022-04-21
32506,7,6,1,8,7,2022-04-21
32526,11,5,1,12,6,2022-04-21
31730,1,1,1,2,2,2022-04-21
31905,8,3,1,9,4,2022-04-21
32073,12,8,3,15,11,2022-04-21
32080,17,11,4,21,15,2022-04-21
32114,17,9,1,18,10,2022-04-21
32141,4,3,3,7,6,2022-04-21
32164,35,17,1,36,18,2022-04-21
32205,6,3,1,7,4,2022-04-21
32216,15,12,1,16,13,2022-04-21
32225,36,22,3,39,25,2022-04-21
32257,16,10,4,20,14,2022-04-21
32259,39,20,1,40,21,2022-04-21
32266,1,1,1,2,2,2022-04-21
32407,7,3,1,8,4,2022-04-21
32459,9,3,2,11,5,2022-04-21
32548,6,1,1,7,2,2022-04-21
32566,23,9,3,26,12,2022-04-21
32607,24,14,1,25,15,2022-04-21
32625,1,1,1,2,2,2022-04-21
32707,10,7,2,12,9,2022-04-21
32725,12,5,1,13,6,2022-04-21
32766,7,3,2,9,5,2022-04-21
32825,21,14,3,24,17,2022-04-21
32832,12,6,1,13,7,2022-04-21
32907,16,10,2,18,12,2022-04-21
32927,13,8,1,14,9,2022-04-21
32934,16,8,1,17,9,2022-04-21
32966,11,8,1,12,9,2022-04-21
33009,16,9,3,19,12,2022-04-21
33018,11,7,1,12,8,2022-04-21
33025,48,30,1,49,31,2022-04-21
33027,35,18,1,36,19,2022-04-21
33043,7,6,2,9,8,2022-04-21
33050,23,13,1,24,14,2022-04-21
33068,20,12,1,21,13,2022-04-21
33125,11,7,1,12,8,2022-04-21
33134,32,13,5,37,18,2022-04-21
32163,29,10,1,30,11,2022-04-21
32210,19,8,1,20,9,2022-04-21
32211,10,4,2,12,6,2022-04-21
32212,4,1,1,5,2,2022-04-21
32244,23,15,1,24,16,2022-04-21
32311,14,7,1,15,8,2022-04-21
32514,12,5,1,13,6,2022-04-21
32563,9,5,1,10,6,2022-04-21
32578,16,9,2,18,11,2022-04-21
32712,15,7,2,17,9,2022-04-21
32763,3,1,1,4,2,2022-04-21
32778,4,3,1,5,4,2022-04-21
32779,9,3,1,10,4,2022-04-21
32780,23,12,2,25,14,2022-04-21
32796,3,1,1,4,2,2022-04-21
32811,10,6,2,12,8,2022-04-21
32828,27,12,4,31,16,2022-04-21
32931,17,10,1,18,11,2022-04-21
32963,49,14,3,52,17,2022-04-21
33029,18,13,1,19,14,2022-04-21
33030,7,3,1,8,4,2022-04-21
33032,14,7,1,15,8,2022-04-21
33062,39,19,1,40,20,2022-04-21
33130,21,4,2,23,6,2022-04-21
33131,26,12,2,28,14,2022-04-21
33132,19,8,2,21,10,2022-04-21
33147,3,1,1,4,2,2022-04-21
33149,19,12,1,20,13,2022-04-21
33162,17,13,1,18,14,2022-04-21
33179,30,14,2,32,16,2022-04-21
33180,26,11,1,27,12,2022-04-21
33316,25,16,1,26,17,2022-04-21
32583,8,4,1,9,5,2022-04-21
32608,48,25,3,51,28,2022-04-21
32667,1,1,1,2,2,2022-04-21
32708,14,8,2,16,10,2022-04-21
32724,5,3,1,6,4,2022-04-21
32765,30,20,2,32,22,2022-04-21
32792,27,13,2,29,15,2022-04-21
32810,18,7,1,19,8,2022-04-21
32817,20,14,2,22,16,2022-04-21
32819,24,16,1,25,17,2022-04-21
32835,25,17,3,28,20,2022-04-21
32901,22,13,2,24,15,2022-04-21
32935,13,6,4,17,10,2022-04-21
32951,14,5,2,16,7,2022-04-21
32958,11,6,1,12,7,2022-04-21
32960,10,2,2,12,4,2022-04-21
32967,13,4,1,14,5,2022-04-21
33024,37,17,1,38,18,2022-04-21
33026,16,9,2,18,11,2022-04-21
33033,15,6,2,17,8,2022-04-21
33042,17,8,1,18,9,2022-04-21
33060,12,3,2,14,5,2022-04-21
33067,14,12,2,16,14,2022-04-21
33076,21,12,2,23,14,2022-04-21
33133,30,12,1,31,13,2022-04-21
33167,6,1,3,9,4,2022-04-21
33169,18,8,2,20,10,2022-04-21
33176,21,8,1,22,9,2022-04-21
33178,40,16,2,42,18,2022-04-21
33185,10,4,2,12,6,2022-04-21
33301,33,9,2,35,11,2022-04-21
33308,31,11,1,32,12,2022-04-21
33312,29,15,1,30,16,2022-04-21
33328,16,6,1,17,7,2022-04-21
33351,17,7,1,18,8,2022-04-21
33401,40,11,1,41,12,2022-04-21
33410,44,18,2,46,20,2022-04-21
33417,12,2,1,13,3,2022-04-21
33428,23,13,3,26,16,2022-04-21
33435,21,7,1,22,8,2022-04-21
33437,41,14,5,46,19,2022-04-21
33444,12,7,2,14,9,2022-04-21
33462,22,10,2,24,12,2022-04-21
33510,5,2,1,6,3,2022-04-21
33544,12,8,1,13,9,2022-04-21
33594,9,4,1,10,5,2022-04-21
32806,5,3,1,6,4,2022-04-21
32820,3,2,1,4,3,2022-04-21
32839,16,6,4,20,10,2022-04-21
32903,13,9,2,15,11,2022-04-21
32920,7,4,1,8,5,2022-04-21
32940,35,19,1,36,20,2022-04-21
32955,18,8,4,22,12,2022-04-21
33004,8,4,1,9,5,2022-04-21
33021,30,16,2,32,18,2022-04-21
33023,29,16,1,30,17,2022-04-21
33040,53,24,2,55,26,2022-04-21
33056,12,4,1,13,5,2022-04-21
33071,21,15,2,23,17,2022-04-21
33138,15,7,1,16,8,2022-04-21
33139,55,20,4,59,24,2022-04-21
33140,24,13,1,25,14,2022-04-21
33155,19,8,2,21,10,2022-04-21
33156,38,17,3,41,20,2022-04-21
33157,24,15,2,26,17,2022-04-21
33189,9,2,1,10,3,2022-04-21
33304,31,14,1,32,15,2022-04-21
33321,18,8,1,19,9,2022-04-21
33324,26,15,1,27,16,2022-04-21
33405,11,4,1,12,5,2022-04-21
33408,26,9,1,27,10,2022-04-21
33441,16,7,1,17,8,2022-04-21
33458,26,18,5,31,23,2022-04-21
33525,6,5,2,8,7,2022-04-21
33573,15,8,1,16,9,2022-04-21
33605,9,2,2,11,4,2022-04-21
33606,28,17,1,29,18,2022-04-21
33607,16,8,1,17,9,2022-04-21
33625,8,4,1,9,5,2022-04-21
33705,18,12,1,19,13,2022-04-21
33707,19,5,1,20,6,2022-04-21
33774,6,2,1,7,3,2022-04-21
33150,9,4,1,10,5,2022-04-21
33161,12,4,1,13,5,2022-04-21
33186,36,25,1,37,26,2022-04-21
33309,18,9,1,19,10,2022-04-21
33311,21,13,1,22,14,2022-04-21
33325,13,8,2,15,10,2022-04-21
33404,25,16,5,30,21,2022-04-21
33409,10,6,1,11,7,2022-04-21
33411,24,18,3,27,21,2022-04-21
33434,18,11,1,19,12,2022-04-21
33445,21,10,1,22,11,2022-04-21
33461,9,4,1,10,5,2022-04-21
33470,13,3,1,14,4,2022-04-21
33477,34,16,1,35,17,2022-04-21
33486,19,12,1,20,13,2022-04-21
33511,30,20,2,32,22,2022-04-21
33527,3,1,5,8,6,2022-04-21
33534,12,3,3,15,6,2022-04-21
33543,17,8,1,18,9,2022-04-21
33559,5,1,1,6,2,2022-04-21
33579,19,8,1,20,9,2022-04-21
33602,9,8,2,11,10,2022-04-21
33609,13,7,1,14,8,2022-04-21
33629,8,5,1,9,6,2022-04-21
33702,12,7,1,13,8,2022-04-21
33704,11,7,1,12,8,2022-04-21
33770,5,5,1,6,6,2022-04-21
33777,7,4,1,8,5,2022-04-21
33868,6,2,1,7,3,2022-04-21
33897,12,4,1,13,5,2022-04-21
33913,25,16,1,26,17,2022-04-21
33954,3,2,1,4,3,2022-04-21
34102,41,18,1,42,19,2022-04-21
34113,23,8,1,24,9,2022-04-21
34120,13,3,2,15,5,2022-04-21
34145,27,10,3,30,13,2022-04-21
34211,12,6,1,13,7,2022-04-21
34222,4,2,1,5,3,2022-04-21
34231,16,8,1,17,9,2022-04-21
34236,17,10,2,19,12,2022-04-21
34238,25,5,1,26,6,2022-04-21
34420,NA,1,2,NA,3,2022-04-21
34465,9,2,1,10,3,2022-04-21
34472,6,2,1,7,3,2022-04-21
34481,11,4,2,13,6,2022-04-21
34638,10,3,1,11,4,2022-04-21
34690,3,2,1,4,3,2022-04-21
33414,39,17,2,41,19,2022-04-21
33415,14,7,1,15,8,2022-04-21
33432,30,11,1,31,12,2022-04-21
33433,42,15,1,43,16,2022-04-21
33449,13,6,1,14,7,2022-04-21
33463,23,14,1,24,15,2022-04-21
33480,36,19,1,37,20,2022-04-21
33496,38,22,2,40,24,2022-04-21
33498,16,8,1,17,9,2022-04-21
33513,12,6,2,14,8,2022-04-21
33547,9,4,1,10,5,2022-04-21
33597,1,1,1,2,2,2022-04-21
33613,25,13,1,26,14,2022-04-21
33614,12,10,1,13,11,2022-04-21
33616,12,5,1,13,6,2022-04-21
33617,17,8,1,18,9,2022-04-21
33647,50,32,1,51,33,2022-04-21
33765,7,4,1,8,5,2022-04-21
33767,11,3,2,13,5,2022-04-21
33881,10,4,1,11,5,2022-04-21
33884,9,4,1,10,5,2022-04-21
33901,13,6,1,14,7,2022-04-21
33914,13,6,7,20,13,2022-04-21
33916,5,1,1,6,2,2022-04-21
33917,15,6,2,17,8,2022-04-21
33931,6,3,1,7,4,2022-04-21
34116,11,6,1,12,7,2022-04-21
34135,43,23,1,44,24,2022-04-21
34202,30,11,2,32,13,2022-04-21
34217,5,5,1,6,6,2022-04-21
34233,7,4,1,8,5,2022-04-21
34285,15,11,2,17,13,2022-04-21
34436,1,1,1,2,2,2022-04-21
34452,4,2,1,5,3,2022-04-21
34653,5,3,2,7,5,2022-04-21
34683,15,11,2,17,13,2022-04-21
34685,8,3,4,12,7,2022-04-21
34736,8,4,1,9,5,2022-04-21
34769,4,2,1,5,3,2022-04-21
34786,19,11,1,20,12,2022-04-21
33619,5,4,2,7,6,2022-04-21
33626,20,11,1,21,12,2022-04-21
33701,14,4,2,16,6,2022-04-21
33703,18,7,1,19,8,2022-04-21
33760,5,2,1,6,3,2022-04-21
33830,9,5,1,10,6,2022-04-21
33844,14,4,2,16,6,2022-04-21
33860,3,2,3,6,5,2022-04-21
33896,9,5,2,11,7,2022-04-21
33912,12,4,1,13,5,2022-04-21
33928,36,17,1,37,18,2022-04-21
33935,35,3,1,36,4,2022-04-21
33953,8,5,1,9,6,2022-04-21
34103,26,9,1,27,10,2022-04-21
34105,29,7,2,31,9,2022-04-21
34114,30,9,1,31,10,2022-04-21
34119,38,22,3,41,25,2022-04-21
34203,10,2,2,12,4,2022-04-21
34212,9,7,2,11,9,2022-04-21
34239,13,5,1,14,6,2022-04-21
34269,2,2,2,4,4,2022-04-21
34287,8,6,1,9,7,2022-04-21
34453,2,1,3,5,4,2022-04-21
34471,5,4,1,6,5,2022-04-21
34741,9,4,3,12,7,2022-04-21
34746,22,7,5,27,12,2022-04-21
34771,2,1,4,6,5,2022-04-21
34787,28,11,2,30,13,2022-04-21
34982,12,6,2,14,8,2022-04-21
35023,3,2,1,4,3,2022-04-21
35173,5,1,1,6,2,2022-04-21
35180,3,2,1,4,3,2022-04-21
35205,8,5,2,10,7,2022-04-21
35216,4,2,1,5,3,2022-04-21
34747,23,13,1,24,14,2022-04-21
34772,10,5,1,11,6,2022-04-21
34788,8,3,1,9,4,2022-04-21
34947,3,2,1,4,3,2022-04-21
34974,3,1,1,4,2,2022-04-21
34983,16,8,1,17,9,2022-04-21
34990,19,11,2,21,13,2022-04-21
34997,38,13,1,39,14,2022-04-21
35222,3,2,1,4,3,2022-04-21
35401,15,6,1,16,7,2022-04-21
35749,14,4,1,15,5,2022-04-21
35758,22,13,2,24,15,2022-04-21
36083,2,1,1,3,2,2022-04-21
36526,5,2,1,6,3,2022-04-21
37035,2,2,1,3,3,2022-04-21
37130,4,2,1,5,3,2022-04-21
37212,20,10,2,22,12,2022-04-21
35223,2,2,1,3,3,2022-04-21
36116,11,4,2,13,6,2022-04-21
36618,3,2,1,4,3,2022-04-21
36870,4,1,1,5,2,2022-04-21
37013,14,8,1,15,9,2022-04-21
37027,23,15,5,28,20,2022-04-21
37086,6,4,1,7,5,2022-04-21
37211,23,13,1,24,14,2022-04-21
37311,2,1,1,3,2,2022-04-21
37620,7,6,1,8,7,2022-04-21
37772,3,1,1,4,2,2022-04-21
37774,3,1,1,4,2,2022-04-21
37931,4,3,1,5,4,2022-04-21
38115,3,1,1,4,2,2022-04-21
38138,5,2,1,6,3,2022-04-21
33974,1,1,1,2,2,2022-04-21
33990,14,7,1,15,8,2022-04-21
33993,7,4,2,9,6,2022-04-21
34110,25,12,1,26,13,2022-04-21
34142,8,3,3,11,6,2022-04-21
34207,10,3,2,12,5,2022-04-21
34224,3,1,2,5,3,2022-04-21
34242,17,10,5,22,15,2022-04-21
34275,16,5,1,17,6,2022-04-21
34293,36,15,1,37,16,2022-04-21
34442,5,1,1,6,2,2022-04-21
34491,9,8,1,10,9,2022-04-21
34608,7,6,1,8,7,2022-04-21
34609,19,9,1,20,10,2022-04-21
34677,7,6,1,8,7,2022-04-21
34711,28,14,2,30,16,2022-04-21
34743,14,7,1,15,8,2022-04-21
34744,17,12,1,18,13,2022-04-21
34758,6,5,2,8,7,2022-04-21
34759,16,8,1,17,9,2022-04-21
36265,3,2,1,4,3,2022-04-21
36532,1,1,1,2,2,2022-04-21
36617,5,4,1,6,5,2022-04-21
37066,5,2,1,6,3,2022-04-21
37067,14,8,1,15,9,2022-04-21
37167,5,1,2,7,3,2022-04-21
37601,11,9,1,12,10,2022-04-21
37716,2,1,1,3,2,2022-04-21
37801,10,6,1,11,7,2022-04-21
37917,5,4,3,8,7,2022-04-21
37920,10,9,2,12,11,2022-04-21
38017,13,7,2,15,9,2022-04-21
38053,2,2,1,3,3,2022-04-21
38104,10,7,2,12,9,2022-04-21
37303,1,1,4,5,5,2022-04-21
37353,1,1,1,2,2,2022-04-21
37764,1,1,1,2,2,2022-04-21
37814,7,6,1,8,7,2022-04-21
37857,6,3,1,7,4,2022-04-21
37923,7,5,1,8,6,2022-04-21
37932,6,4,1,7,5,2022-04-21
38125,17,6,1,18,7,2022-04-21
38305,11,3,1,12,4,2022-04-21
38632,1,1,1,2,2,2022-04-21
38732,2,2,1,3,3,2022-04-21
39209,1,1,1,2,2,2022-04-21
39345,1,1,1,2,2,2022-04-21
39402,8,3,1,9,4,2022-04-21
39759,5,4,1,6,5,2022-04-21
40204,4,3,1,5,4,2022-04-21
40272,7,2,1,8,3,2022-04-21
40422,3,2,1,4,3,2022-04-21
34952,16,7,3,19,10,2022-04-21
34953,24,14,1,25,15,2022-04-21
34986,20,7,2,22,9,2022-04-21
34987,19,12,1,20,13,2022-04-21
35020,4,2,1,5,3,2022-04-21
35235,2,1,1,3,2,2022-04-21
35756,5,3,1,6,4,2022-04-21
35803,8,2,1,9,3,2022-04-21
35806,21,18,1,22,19,2022-04-21
35906,2,1,1,3,2,2022-04-21
36608,10,5,1,11,6,2022-04-21
37040,15,9,1,16,10,2022-04-21
37042,13,2,4,17,6,2022-04-21
37073,1,1,1,2,2,2022-04-21
37174,6,6,1,7,7,2022-04-21
37208,10,4,1,11,5,2022-04-21
37659,3,2,3,6,5,2022-04-21
37862,4,3,2,6,5,2022-04-21
38109,8,4,3,11,7,2022-04-21
39532,6,3,1,7,4,2022-04-21
39564,10,4,3,13,7,2022-04-21
40216,7,6,3,10,9,2022-04-21
40299,8,1,1,9,2,2022-04-21
40383,1,1,1,2,2,2022-04-21
40601,3,2,1,4,3,2022-04-21
42240,3,1,2,5,3,2022-04-21
43026,9,3,1,10,4,2022-04-21
43074,7,2,1,8,3,2022-04-21
43123,7,2,1,8,3,2022-04-21
43206,9,4,1,10,5,2022-04-21
43210,16,14,1,17,15,2022-04-21
43224,16,11,2,18,13,2022-04-21
39823,1,1,1,2,2,2022-04-21
40291,5,3,1,6,4,2022-04-21
40324,3,2,1,4,3,2022-04-21
40509,7,1,1,8,2,2022-04-21
41011,4,2,1,5,3,2022-04-21
42431,1,1,1,2,2,2022-04-21
43015,9,6,1,10,7,2022-04-21
43017,23,7,1,24,8,2022-04-21
43081,29,10,2,31,12,2022-04-21
43082,8,6,2,10,8,2022-04-21
43201,36,21,3,39,24,2022-04-21
43215,16,10,2,18,12,2022-04-21
43232,9,4,1,10,5,2022-04-21
43302,2,1,1,3,2,2022-04-21
43551,4,1,1,5,2,2022-04-21
43920,2,2,1,3,3,2022-04-21
44017,4,2,1,5,3,2022-04-21
44035,10,5,1,11,6,2022-04-21
44118,35,20,2,37,22,2022-04-21
42101,5,2,1,6,3,2022-04-21
42160,1,1,2,3,3,2022-04-21
42701,11,8,1,12,9,2022-04-21
43021,4,2,1,5,3,2022-04-21
43203,4,3,1,5,4,2022-04-21
43214,14,9,1,15,10,2022-04-21
43230,25,11,1,26,12,2022-04-21
43512,1,1,1,2,2,2022-04-21
44023,8,5,1,9,6,2022-04-21
44039,5,2,1,6,3,2022-04-21
44107,21,14,1,22,15,2022-04-21
44116,9,8,1,10,9,2022-04-21
44130,10,7,1,11,8,2022-04-21
44132,3,3,1,4,4,2022-04-21
44139,13,7,1,14,8,2022-04-21
44141,2,2,1,3,3,2022-04-21
44146,8,4,1,9,5,2022-04-21
44264,1,1,2,3,3,2022-04-21
44266,2,1,1,3,2,2022-04-21
44280,1,1,1,2,2,2022-04-21
44691,12,6,1,13,7,2022-04-21
44857,1,1,1,2,2,2022-04-21
43910,1,1,1,2,2,2022-04-21
44060,14,10,1,15,11,2022-04-21
44109,5,5,1,6,6,2022-04-21
44112,6,3,1,7,4,2022-04-21
44129,3,1,1,4,2,2022-04-21
44212,4,2,1,5,3,2022-04-21
44646,7,4,2,9,6,2022-04-21
45213,3,3,1,4,4,2022-04-21
45245,2,2,1,3,3,2022-04-21
46032,19,13,1,20,14,2022-04-21
46033,17,6,1,18,7,2022-04-21
38506,7,2,1,8,3,2022-04-21
39110,5,3,1,6,4,2022-04-21
39503,7,5,1,8,6,2022-04-21
39562,2,1,1,3,2,2022-04-21
40503,5,3,1,6,4,2022-04-21
40505,3,2,1,4,3,2022-04-21
41030,1,1,1,2,2,2022-04-21
43202,23,14,1,24,15,2022-04-21
43220,6,4,1,7,5,2022-04-21
45227,3,3,1,4,4,2022-04-21
45243,3,2,3,6,5,2022-04-21
45420,5,2,1,6,3,2022-04-21
45434,4,4,1,5,5,2022-04-21
46038,16,13,1,17,14,2022-04-21
46202,19,12,2,21,14,2022-04-21
46220,8,4,1,9,5,2022-04-21
46236,11,4,1,12,5,2022-04-21
46545,6,6,2,8,8,2022-04-21
46556,9,6,1,10,7,2022-04-21
47408,13,7,1,14,8,2022-04-21
48035,1,1,1,2,2,2022-04-21
48067,12,8,1,13,9,2022-04-21
48126,12,5,1,13,6,2022-04-21
48185,8,4,1,9,5,2022-04-21
48208,2,2,1,3,3,2022-04-21
46250,5,4,1,6,5,2022-04-21
46383,7,6,2,9,8,2022-04-21
46617,11,5,4,15,9,2022-04-21
46635,2,1,1,3,2,2022-04-21
47201,8,6,1,9,7,2022-04-21
47203,4,2,1,5,3,2022-04-21
47401,37,20,1,38,21,2022-04-21
47403,12,7,1,13,8,2022-04-21
47404,10,6,1,11,7,2022-04-21
48073,12,6,3,15,9,2022-04-21
48103,42,20,2,44,22,2022-04-21
48104,52,30,4,56,34,2022-04-21
48105,49,28,2,51,30,2022-04-21
48188,23,11,2,25,13,2022-04-21
48189,2,2,1,3,3,2022-04-21
48204,5,3,1,6,4,2022-04-21
48206,2,1,1,3,2,2022-04-21
48220,2,2,1,3,3,2022-04-21
48221,7,3,1,8,4,2022-04-21
44302,2,1,1,3,2,2022-04-21
44452,2,2,1,3,3,2022-04-21
44471,3,3,1,4,4,2022-04-21
45040,24,14,3,27,17,2022-04-21
45140,13,7,1,14,8,2022-04-21
45220,11,4,1,12,5,2022-04-21
45238,6,3,1,7,4,2022-04-21
45371,2,2,1,3,3,2022-04-21
45640,2,1,1,3,2,2022-04-21
45805,3,2,1,4,3,2022-04-21
46123,8,5,1,9,6,2022-04-21
46140,6,6,2,8,8,2022-04-21
46142,3,2,1,4,3,2022-04-21
46256,4,1,1,5,2,2022-04-21
46259,2,1,2,4,3,2022-04-21
46544,3,1,1,4,2,2022-04-21
46711,1,1,1,2,2,2022-04-21
47710,2,1,1,3,2,2022-04-21
47712,3,1,1,4,2,2022-04-21
48114,3,1,1,4,2,2022-04-21
48128,2,1,1,3,2,2022-04-21
48146,2,2,1,3,3,2022-04-21
48180,10,6,2,12,8,2022-04-21
48197,22,17,1,23,18,2022-04-21
48230,6,3,1,7,4,2022-04-21
48331,11,8,1,12,9,2022-04-21
48363,3,2,2,5,4,2022-04-21
48304,7,5,1,8,6,2022-04-21
48307,14,9,1,15,10,2022-04-21
48322,10,9,2,12,11,2022-04-21
48708,2,2,1,3,3,2022-04-21
48823,28,21,3,31,24,2022-04-21
48842,6,4,1,7,5,2022-04-21
49009,10,6,2,12,8,2022-04-21
49424,11,4,1,12,5,2022-04-21
50010,12,5,3,15,8,2022-04-21
50310,5,4,1,6,5,2022-04-21
53703,26,9,1,27,10,2022-04-21
53704,8,2,1,9,3,2022-04-21
54303,2,2,1,3,3,2022-04-21
54304,4,1,1,5,2,2022-04-21
55057,8,4,1,9,5,2022-04-21
55109,3,3,1,4,4,2022-04-21
55123,7,6,3,10,9,2022-04-21
55125,13,10,1,14,11,2022-04-21
55343,3,2,1,4,3,2022-04-21
55408,9,5,1,10,6,2022-04-21
55425,1,1,1,2,2,2022-04-21
55443,8,3,1,9,4,2022-04-21
44004,2,1,1,3,2,2022-04-21
44106,28,12,1,29,13,2022-04-21
44113,8,4,1,9,5,2022-04-21
44122,41,22,4,45,26,2022-04-21
44240,14,8,2,16,10,2022-04-21
44281,4,2,1,5,3,2022-04-21
44515,2,1,1,3,2,2022-04-21
45208,8,4,1,9,5,2022-04-21
45233,6,4,1,7,5,2022-04-21
46060,5,4,1,6,5,2022-04-21
46112,4,2,2,6,4,2022-04-21
46135,2,1,1,3,2,2022-04-21
46205,7,3,1,8,4,2022-04-21
48226,4,2,1,5,3,2022-04-21
48328,1,1,2,3,3,2022-04-21
48360,8,4,1,9,5,2022-04-21
48910,8,2,1,9,3,2022-04-21
49221,2,1,2,4,3,2022-04-21
49855,6,4,2,8,6,2022-04-21
52211,1,1,1,2,2,2022-04-21
52806,6,4,1,7,5,2022-04-21
46239,3,2,1,4,3,2022-04-21
46278,6,4,1,7,5,2022-04-21
46312,5,1,1,6,2,2022-04-21
46403,3,2,1,4,3,2022-04-21
46637,8,3,1,9,4,2022-04-21
48066,3,3,1,4,4,2022-04-21
48075,23,10,2,25,12,2022-04-21
48084,4,2,1,5,3,2022-04-21
48109,5,4,1,6,5,2022-04-21
48111,6,2,4,10,6,2022-04-21
48168,7,3,1,8,4,2022-04-21
48186,4,3,1,5,4,2022-04-21
48202,6,4,1,7,5,2022-04-21
48236,6,3,2,8,5,2022-04-21
48420,1,1,1,2,2,2022-04-21
53717,5,3,1,6,4,2022-04-21
53726,5,2,1,6,3,2022-04-21
54115,7,5,1,8,6,2022-04-21
54403,1,1,1,2,2,2022-04-21
54901,2,1,2,4,3,2022-04-21
55110,5,3,1,6,4,2022-04-21
55128,2,2,1,3,3,2022-04-21
55369,7,4,1,8,5,2022-04-21
55412,3,3,1,4,4,2022-04-21
55428,6,2,1,7,3,2022-04-21
55446,10,5,1,11,6,2022-04-21
55455,3,2,1,4,3,2022-04-21
48836,1,1,2,3,3,2022-04-21
49431,2,1,1,3,2,2022-04-21
50131,1,1,2,3,3,2022-04-21
50265,4,3,1,5,4,2022-04-21
50701,3,1,3,6,4,2022-04-21
53146,1,1,1,2,2,2022-04-21
53714,1,1,1,2,2,2022-04-21
54409,1,1,1,2,2,2022-04-21
54902,2,1,1,3,2,2022-04-21
55068,1,1,1,2,2,2022-04-21
55104,4,3,1,5,4,2022-04-21
55113,9,6,1,10,7,2022-04-21
55304,2,2,2,4,4,2022-04-21
55347,16,11,1,17,12,2022-04-21
55379,4,1,1,5,2,2022-04-21
55406,5,4,2,7,6,2022-04-21
55411,3,2,1,4,3,2022-04-21
55454,5,1,1,6,2,2022-04-21
56308,2,1,1,3,2,2022-04-21
57401,1,1,1,2,2,2022-04-21
57701,3,2,1,4,3,2022-04-21
57719,29,11,3,32,14,2022-04-21
49301,6,5,1,7,6,2022-04-21
49418,3,1,1,4,2,2022-04-21
49686,8,2,1,9,3,2022-04-21
50588,2,1,1,3,2,2022-04-21
50703,1,1,1,2,2,2022-04-21
53562,6,1,1,7,2,2022-04-21
53711,8,4,1,9,5,2022-04-21
54449,1,1,1,2,2,2022-04-21
54915,4,3,1,5,4,2022-04-21
55415,4,3,1,5,4,2022-04-21
55449,7,5,1,8,6,2022-04-21
56301,6,3,2,8,5,2022-04-21
56303,1,1,1,2,2,2022-04-21
57103,11,5,1,12,6,2022-04-21
57104,20,8,2,22,10,2022-04-21
57106,3,2,1,4,3,2022-04-21
60045,17,7,2,19,9,2022-04-21
60046,5,3,1,6,4,2022-04-21
60047,15,12,1,16,13,2022-04-21
60148,9,5,1,10,6,2022-04-21
60195,5,4,1,6,5,2022-04-21
60448,1,1,1,2,2,2022-04-21
59601,6,3,2,8,5,2022-04-21
59720,1,1,1,2,2,2022-04-21
60002,2,2,1,3,3,2022-04-21
60004,11,7,1,12,8,2022-04-21
60056,8,5,1,9,6,2022-04-21
60089,13,8,2,15,10,2022-04-21
60137,9,5,2,11,7,2022-04-21
60173,9,7,1,10,8,2022-04-21
60189,11,5,1,12,6,2022-04-21
60490,12,7,1,13,8,2022-04-21
60521,8,3,1,9,4,2022-04-21
60605,29,11,1,30,12,2022-04-21
60607,19,8,1,20,9,2022-04-21
60622,37,20,2,39,22,2022-04-21
60623,10,4,2,12,6,2022-04-21
60624,3,2,1,4,3,2022-04-21
60640,43,17,1,44,18,2022-04-21
60641,11,7,1,12,8,2022-04-21
60654,18,6,3,21,9,2022-04-21
60657,61,28,3,64,31,2022-04-21
60007,4,3,1,5,4,2022-04-21
60016,11,4,2,13,6,2022-04-21
60018,3,1,1,4,2,2022-04-21
60073,8,5,1,9,6,2022-04-21
60091,22,12,1,23,13,2022-04-21
60618,19,10,1,20,11,2022-04-21
60625,21,10,1,22,11,2022-04-21
60643,9,6,1,10,7,2022-04-21
61704,7,4,1,8,5,2022-04-21
61761,9,5,1,10,6,2022-04-21
61822,9,4,1,10,5,2022-04-21
63010,8,2,1,9,3,2022-04-21
63017,40,18,1,41,19,2022-04-21
63026,21,2,1,22,3,2022-04-21
63040,7,1,1,8,2,2022-04-21
59901,3,1,1,4,2,2022-04-21
60015,18,14,1,19,15,2022-04-21
60035,12,8,1,13,9,2022-04-21
60074,7,3,1,8,4,2022-04-21
60076,8,3,2,10,5,2022-04-21
60085,10,7,1,11,8,2022-04-21
60124,4,2,1,5,3,2022-04-21
60201,42,18,2,44,20,2022-04-21
60458,3,3,2,5,5,2022-04-21
60510,1,1,1,2,2,2022-04-21
60517,4,1,1,5,2,2022-04-21
60560,2,1,1,3,2,2022-04-21
60610,21,7,1,22,8,2022-04-21
60617,8,5,1,9,6,2022-04-21
60637,19,8,2,21,10,2022-04-21
60642,14,10,1,15,11,2022-04-21
60563,15,6,1,16,7,2022-04-21
60564,15,10,1,16,11,2022-04-21
60613,24,11,1,25,12,2022-04-21
60614,45,23,1,46,24,2022-04-21
60616,37,23,1,38,24,2022-04-21
60629,4,3,1,5,4,2022-04-21
60630,5,2,1,6,3,2022-04-21
60647,35,15,1,36,16,2022-04-21
61081,1,1,1,2,2,2022-04-21
61615,5,3,1,6,4,2022-04-21
61801,21,9,3,24,12,2022-04-21
61832,5,3,1,6,4,2022-04-21
62234,3,2,1,4,3,2022-04-21
62236,2,2,1,3,3,2022-04-21
62269,15,7,1,16,8,2022-04-21
62521,3,2,1,4,3,2022-04-21
63005,10,5,1,11,6,2022-04-21
63021,28,5,1,29,6,2022-04-21
63103,13,4,2,15,6,2022-04-21
63104,21,1,5,26,6,2022-04-21
63105,40,6,2,42,8,2022-04-21
63106,34,27,4,38,31,2022-04-21
63119,56,3,4,60,7,2022-04-21
63122,46,9,1,47,10,2022-04-21
63136,9,3,1,10,4,2022-04-21
63138,12,3,1,13,4,2022-04-21
63139,28,1,3,31,4,2022-04-21
64157,2,1,1,3,2,2022-04-21
60805,1,1,1,2,2,2022-04-21
62025,3,2,1,4,3,2022-04-21
63031,14,1,1,15,2,2022-04-21
63112,32,3,4,36,7,2022-04-21
63129,12,2,1,13,3,2022-04-21
63131,16,1,2,18,3,2022-04-21
63146,25,6,2,27,8,2022-04-21
64064,2,1,1,3,2,2022-04-21
64082,2,1,2,4,3,2022-04-21
64083,1,1,1,2,2,2022-04-21
64116,1,1,1,2,2,2022-04-21
64131,5,2,1,6,3,2022-04-21
64133,2,1,1,3,2,2022-04-21
65201,6,4,1,7,5,2022-04-21
65202,6,4,2,8,6,2022-04-21
65203,7,6,1,8,7,2022-04-21
65401,4,4,2,6,6,2022-04-21
63107,17,1,3,20,4,2022-04-21
63109,32,3,2,34,5,2022-04-21
63116,46,5,4,50,9,2022-04-21
63118,21,2,3,24,5,2022-04-21
63123,27,2,3,30,5,2022-04-21
63132,16,1,2,18,3,2022-04-21
63143,17,3,2,19,5,2022-04-21
63368,9,5,1,10,6,2022-04-21
64079,1,1,1,2,2,2022-04-21
64113,5,3,1,6,4,2022-04-21
66210,6,1,1,7,2,2022-04-21
66503,6,4,1,7,5,2022-04-21
66762,3,1,1,4,2,2022-04-21
67212,4,2,1,5,3,2022-04-21
68137,3,2,2,5,4,2022-04-21
68516,14,9,1,15,10,2022-04-21
70118,29,10,3,32,13,2022-04-21
70420,1,1,1,2,2,2022-04-21
71104,2,1,1,3,2,2022-04-21
71106,3,1,2,5,3,2022-04-21
71115,6,2,1,7,3,2022-04-21
72076,6,4,1,7,5,2022-04-21
65803,1,1,3,4,4,2022-04-21
66206,1,1,1,2,2,2022-04-21
68512,2,1,1,3,2,2022-04-21
70065,9,6,2,11,8,2022-04-21
70116,2,1,1,3,2,2022-04-21
70117,7,1,2,9,3,2022-04-21
70131,2,2,1,3,3,2022-04-21
70448,6,5,2,8,7,2022-04-21
70583,2,2,1,3,3,2022-04-21
70601,8,5,1,9,6,2022-04-21
70816,8,3,2,10,5,2022-04-21
71602,1,1,3,4,4,2022-04-21
72120,4,3,1,5,4,2022-04-21
66061,12,4,2,14,6,2022-04-21
66062,7,3,1,8,4,2022-04-21
66212,8,6,1,9,7,2022-04-21
67214,1,1,1,2,2,2022-04-21
68133,3,1,1,4,2,2022-04-21
68504,1,1,2,3,3,2022-04-21
70056,8,3,1,9,4,2022-04-21
70072,11,8,1,12,9,2022-04-21
70607,4,2,1,5,3,2022-04-21
70809,13,10,1,14,11,2022-04-21
63108,52,11,6,58,17,2022-04-21
63110,46,8,2,48,10,2022-04-21
63115,13,1,2,15,3,2022-04-21
63135,6,1,1,7,2,2022-04-21
63301,12,2,2,14,4,2022-04-21
63367,5,1,1,6,2,2022-04-21
63376,17,5,2,19,7,2022-04-21
63701,6,2,1,7,3,2022-04-21
64060,3,2,1,4,3,2022-04-21
64112,12,7,1,13,8,2022-04-21
66109,6,6,1,7,7,2022-04-21
66441,7,5,1,8,6,2022-04-21
68131,4,3,1,5,4,2022-04-21
68372,1,1,1,2,2,2022-04-21
68901,1,1,1,2,2,2022-04-21
70037,9,6,1,10,7,2022-04-21
70119,11,7,2,13,9,2022-04-21
70435,2,1,1,3,2,2022-04-21
70460,3,3,1,4,4,2022-04-21
70471,5,2,1,6,3,2022-04-21
70605,2,1,1,3,2,2022-04-21
72034,5,3,1,6,4,2022-04-21
73034,7,5,2,9,7,2022-04-21
73102,4,4,1,5,5,2022-04-21
73145,6,6,1,7,7,2022-04-21
74104,2,1,1,3,2,2022-04-21
75006,10,7,1,11,8,2022-04-21
75056,23,10,2,25,12,2022-04-21
75067,18,12,1,19,13,2022-04-21
75074,15,9,1,16,10,2022-04-21
75115,14,7,1,15,8,2022-04-21
71913,6,5,1,7,6,2022-04-21
72713,7,4,1,8,5,2022-04-21
73013,7,5,1,8,6,2022-04-21
73099,10,3,1,11,4,2022-04-21
74133,7,3,1,8,4,2022-04-21
75019,16,8,2,18,10,2022-04-21
75035,11,7,2,13,9,2022-04-21
75052,21,13,1,22,14,2022-04-21
75070,18,11,1,19,12,2022-04-21
75072,11,4,2,13,6,2022-04-21
75089,7,5,1,8,6,2022-04-21
75104,12,6,1,13,7,2022-04-21
75189,4,1,1,5,2,2022-04-21
75203,4,2,1,5,3,2022-04-21
75204,23,11,1,24,12,2022-04-21
75205,18,9,1,19,10,2022-04-21
75220,5,4,1,6,5,2022-04-21
75287,12,5,1,13,6,2022-04-21
73071,4,3,1,5,4,2022-04-21
73135,2,2,1,3,3,2022-04-21
74012,9,6,1,10,7,2022-04-21
74037,1,1,1,2,2,2022-04-21
74114,3,2,1,4,3,2022-04-21
75023,8,4,1,9,5,2022-04-21
75032,6,3,2,8,5,2022-04-21
75034,9,5,2,11,7,2022-04-21
75068,11,8,1,12,9,2022-04-21
75075,14,6,1,15,7,2022-04-21
75093,21,12,2,23,14,2022-04-21
75150,10,5,1,11,6,2022-04-21
75209,4,2,1,5,3,2022-04-21
75248,12,9,1,13,10,2022-04-21
75252,12,6,1,13,7,2022-04-21
75482,2,1,2,4,3,2022-04-21
72122,1,1,1,2,2,2022-04-21
72904,1,1,1,2,2,2022-04-21
73106,6,4,1,7,5,2022-04-21
75010,11,8,1,12,9,2022-04-21
75013,24,14,1,25,15,2022-04-21
75028,35,21,2,37,23,2022-04-21
75060,3,3,1,4,4,2022-04-21
75063,19,6,1,20,7,2022-04-21
75077,8,2,1,9,3,2022-04-21
75229,10,4,2,12,6,2022-04-21
75231,8,3,1,9,4,2022-04-21
76013,8,5,3,11,8,2022-04-21
76016,9,3,1,10,4,2022-04-21
76063,15,7,1,16,8,2022-04-21
76116,12,5,1,13,6,2022-04-21
76248,16,6,2,18,8,2022-04-21
75126,10,5,1,11,6,2022-04-21
75165,6,4,3,9,7,2022-04-21
75208,7,3,1,8,4,2022-04-21
75235,11,4,2,13,6,2022-04-21
75240,12,6,1,13,7,2022-04-21
75703,1,1,2,3,3,2022-04-21
76010,15,6,1,16,7,2022-04-21
76051,20,10,1,21,11,2022-04-21
76137,19,9,1,20,10,2022-04-21
76244,18,11,2,20,13,2022-04-21
76262,10,4,1,11,5,2022-04-21
77005,27,16,1,28,17,2022-04-21
77030,18,11,1,19,12,2022-04-21
77055,6,4,1,7,5,2022-04-21
77080,4,3,1,5,4,2022-04-21
77087,3,1,1,4,2,2022-04-21
77096,15,8,2,17,10,2022-04-21
77316,4,1,1,5,2,2022-04-21
77357,1,1,1,2,2,2022-04-21
77373,2,2,1,3,3,2022-04-21
77380,8,4,1,9,5,2022-04-21
77407,20,12,1,21,13,2022-04-21
77414,3,1,1,4,2,2022-04-21
76034,8,3,1,9,4,2022-04-21
76120,3,2,1,4,3,2022-04-21
76177,6,5,1,7,6,2022-04-21
76179,10,6,1,11,7,2022-04-21
76227,17,8,1,18,9,2022-04-21
76513,6,3,2,8,5,2022-04-21
76522,9,4,1,10,5,2022-04-21
76706,5,2,1,6,3,2022-04-21
76904,11,8,1,12,9,2022-04-21
77063,10,7,2,12,9,2022-04-21
77090,8,6,2,10,8,2022-04-21
77095,25,10,5,30,15,2022-04-21
77365,7,1,1,8,2,2022-04-21
77399,37,12,8,45,20,2022-04-21
77433,17,12,1,18,13,2022-04-21
77449,22,8,1,23,9,2022-04-21
77479,30,15,3,33,18,2022-04-21
76548,9,5,1,10,6,2022-04-21
76549,19,9,2,21,11,2022-04-21
77002,11,6,1,12,7,2022-04-21
77051,3,1,1,4,2,2022-04-21
77083,16,10,1,17,11,2022-04-21
77085,1,1,1,2,2,2022-04-21
77099,13,5,1,14,6,2022-04-21
77386,11,4,1,12,5,2022-04-21
77450,27,17,2,29,19,2022-04-21
77469,10,4,1,11,5,2022-04-21
77554,2,2,1,3,3,2022-04-21
77586,9,3,1,10,4,2022-04-21
77802,2,1,1,3,2,2022-04-21
78154,8,4,1,9,5,2022-04-21
78236,5,3,1,6,4,2022-04-21
78254,13,2,4,17,6,2022-04-21
78255,7,6,1,8,7,2022-04-21
76021,6,1,2,8,3,2022-04-21
76207,3,2,2,5,4,2022-04-21
76306,1,1,1,2,2,2022-04-21
76542,30,16,2,32,18,2022-04-21
76559,4,2,1,5,3,2022-04-21
76643,2,1,1,3,2,2022-04-21
76908,6,4,1,7,5,2022-04-21
77007,17,9,1,18,10,2022-04-21
77042,10,4,1,11,5,2022-04-21
77043,10,4,3,13,7,2022-04-21
77044,13,6,1,14,7,2022-04-21
77059,8,4,1,9,5,2022-04-21
77074,5,2,3,8,5,2022-04-21
77075,3,1,1,4,2,2022-04-21
77077,99,85,1,100,86,2022-04-21
77091,3,1,1,4,2,2022-04-21
77327,2,1,1,3,2,2022-04-21
77345,8,3,2,10,5,2022-04-21
77377,5,2,2,7,4,2022-04-21
77459,28,14,3,31,17,2022-04-21
77478,7,4,1,8,5,2022-04-21
77494,29,16,3,32,19,2022-04-21
77511,4,3,1,5,4,2022-04-21
77777,62,44,1,63,45,2022-04-21
77845,12,9,1,13,10,2022-04-21
77498,13,6,1,14,7,2022-04-21
77546,13,8,1,14,9,2022-04-21
78248,19,16,4,23,20,2022-04-21
78250,9,6,1,10,7,2022-04-21
78368,2,1,1,3,2,2022-04-21
78541,2,2,1,3,3,2022-04-21
78552,3,2,1,4,3,2022-04-21
78557,1,1,1,2,2,2022-04-21
78577,7,3,1,8,4,2022-04-21
78666,9,7,1,10,8,2022-04-21
78702,10,4,1,11,5,2022-04-21
78727,3,1,1,4,2,2022-04-21
79109,4,2,1,5,3,2022-04-21
78230,12,5,2,14,7,2022-04-21
78245,24,11,1,25,12,2022-04-21
78414,13,8,1,14,9,2022-04-21
78628,6,2,1,7,3,2022-04-21
78681,8,6,4,12,10,2022-04-21
78731,15,9,1,16,10,2022-04-21
78732,8,2,1,9,3,2022-04-21
78745,16,11,1,17,12,2022-04-21
78747,4,1,1,5,2,2022-04-21
78748,14,6,1,15,7,2022-04-21
78749,13,7,1,14,8,2022-04-21
79765,2,1,1,3,2,2022-04-21
80016,16,9,1,17,10,2022-04-21
80202,16,6,1,17,7,2022-04-21
80303,12,4,3,15,7,2022-04-21
78504,8,3,1,9,4,2022-04-21
78521,14,5,2,16,7,2022-04-21
78572,16,8,1,17,9,2022-04-21
78704,28,11,2,30,13,2022-04-21
78722,5,4,1,6,5,2022-04-21
78723,9,4,1,10,5,2022-04-21
78840,3,2,1,4,3,2022-04-21
79106,2,1,1,3,2,2022-04-21
79606,6,4,1,7,5,2022-04-21
79907,2,2,1,3,3,2022-04-21
80111,13,7,1,14,8,2022-04-21
80209,12,7,1,13,8,2022-04-21
80210,14,4,1,15,5,2022-04-21
80211,16,6,1,17,7,2022-04-21
80228,5,3,1,6,4,2022-04-21
80525,12,3,1,13,4,2022-04-21
78108,12,6,1,13,7,2022-04-21
78217,6,3,1,7,4,2022-04-21
78249,22,12,2,24,14,2022-04-21
78610,6,2,2,8,4,2022-04-21
78701,8,4,2,10,6,2022-04-21
78703,17,9,1,18,10,2022-04-21
78717,15,9,1,16,10,2022-04-21
78726,4,3,1,5,4,2022-04-21
78728,8,2,1,9,3,2022-04-21
78744,6,4,1,7,5,2022-04-21
78751,11,4,1,12,5,2022-04-21
78758,12,8,2,14,10,2022-04-21
80003,6,2,1,7,3,2022-04-21
80005,5,1,1,6,2,2022-04-21
80012,7,3,1,8,4,2022-04-21
80014,8,2,1,9,3,2022-04-21
80023,10,5,1,11,6,2022-04-21
80130,6,6,1,7,7,2022-04-21
80205,17,10,1,18,11,2022-04-21
80237,10,3,1,11,4,2022-04-21
80246,7,4,1,8,5,2022-04-21
80482,3,1,1,4,2,2022-04-21
80516,4,2,1,5,3,2022-04-21
79938,19,8,2,21,10,2022-04-21
80013,12,6,1,13,7,2022-04-21
80020,17,11,1,18,12,2022-04-21
80138,4,2,1,5,3,2022-04-21
80231,8,5,1,9,6,2022-04-21
80238,10,5,1,11,6,2022-04-21
80524,5,1,1,6,2,2022-04-21
80631,3,3,1,4,4,2022-04-21
80817,9,3,1,10,4,2022-04-21
80922,6,2,1,7,3,2022-04-21
80924,7,4,2,9,6,2022-04-21
81224,4,1,1,5,2,2022-04-21
81401,4,1,1,5,2,2022-04-21
81501,4,3,2,6,5,2022-04-21
81601,3,3,2,5,5,2022-04-21
83221,2,2,1,3,3,2022-04-21
83616,6,4,1,7,5,2022-04-21
84009,2,2,1,3,3,2022-04-21
84025,2,1,1,3,2,2022-04-21
84041,5,4,1,6,5,2022-04-21
84109,2,1,1,3,2,2022-04-21
83619,4,1,1,5,2,2022-04-21
83687,2,2,1,3,3,2022-04-21
84020,13,4,1,14,5,2022-04-21
84121,5,4,1,6,5,2022-04-21
84405,2,1,1,3,2,2022-04-21
84604,6,4,1,7,5,2022-04-21
84790,7,5,2,9,7,2022-04-21
85040,3,2,1,4,3,2022-04-21
85138,6,3,1,7,4,2022-04-21
85225,13,4,1,14,5,2022-04-21
85255,11,6,1,12,7,2022-04-21
85257,5,2,1,6,3,2022-04-21
85308,11,4,2,13,6,2022-04-21
85323,2,1,1,3,2,2022-04-21
85339,7,5,1,8,6,2022-04-21
85373,1,1,1,2,2,2022-04-21
85392,7,5,1,8,6,2022-04-21
85641,5,2,1,6,3,2022-04-21
85708,2,1,1,3,2,2022-04-21
80907,5,5,1,6,6,2022-04-21
80909,2,1,2,4,3,2022-04-21
83647,2,1,1,3,2,2022-04-21
83713,4,2,1,5,3,2022-04-21
84015,5,1,1,6,2,2022-04-21
84074,5,3,1,6,4,2022-04-21
84401,4,2,1,5,3,2022-04-21
85003,2,2,1,3,3,2022-04-21
85012,5,4,1,6,5,2022-04-21
85017,2,1,1,3,2,2022-04-21
85119,5,2,1,6,3,2022-04-21
85203,5,3,2,7,5,2022-04-21
85226,10,5,1,11,6,2022-04-21
85296,6,3,1,7,4,2022-04-21
87111,22,10,3,25,13,2022-04-21
87144,7,3,1,8,4,2022-04-21
89015,7,1,1,8,2,2022-04-21
89032,8,6,1,9,7,2022-04-21
89084,14,4,1,15,5,2022-04-21
89117,17,5,1,18,6,2022-04-21
89119,9,5,2,11,7,2022-04-21
89135,10,4,1,11,5,2022-04-21
89149,9,4,1,10,5,2022-04-21
89183,4,2,1,5,3,2022-04-21
89801,2,2,1,3,3,2022-04-21
90018,9,4,1,10,5,2022-04-21
90020,18,8,1,19,9,2022-04-21
90036,28,10,1,29,11,2022-04-21
90068,12,6,1,13,7,2022-04-21
90069,11,3,1,12,4,2022-04-21
90303,5,2,1,6,3,2022-04-21
90403,20,11,3,23,14,2022-04-21
90404,12,8,2,14,10,2022-04-21
90405,18,11,1,19,12,2022-04-21
90621,5,2,1,6,3,2022-04-21
90640,5,5,1,6,6,2022-04-21
90670,1,1,1,2,2,2022-04-21
90703,13,9,1,14,10,2022-04-21
80918,14,9,1,15,10,2022-04-21
81521,1,1,1,2,2,2022-04-21
82609,1,1,1,2,2,2022-04-21
83861,2,2,1,3,3,2022-04-21
84045,4,2,1,5,3,2022-04-21
84094,4,3,2,6,5,2022-04-21
84095,6,3,1,7,4,2022-04-21
84663,2,2,1,3,3,2022-04-21
85014,12,4,1,13,5,2022-04-21
85032,8,4,3,11,7,2022-04-21
85033,5,1,2,7,3,2022-04-21
85048,12,6,2,14,8,2022-04-21
85213,7,6,1,8,7,2022-04-21
85250,4,2,1,5,3,2022-04-21
85281,48,18,1,49,19,2022-04-21
85282,16,12,1,17,13,2022-04-21
85365,7,1,1,8,2,2022-04-21
85382,8,4,1,9,5,2022-04-21
85383,15,5,1,16,6,2022-04-21
85701,1,1,1,2,2,2022-04-21
85718,14,9,1,15,10,2022-04-21
85749,6,3,2,8,5,2022-04-21
85750,22,12,1,23,13,2022-04-21
86001,5,3,3,8,6,2022-04-21
85396,6,2,1,7,3,2022-04-21
85719,21,7,4,25,11,2022-04-21
87107,2,1,1,3,2,2022-04-21
87114,14,10,1,15,11,2022-04-21
87123,6,4,1,7,5,2022-04-21
87507,11,9,1,12,10,2022-04-21
88888,47,33,27,74,60,2022-04-21
89011,7,4,1,8,5,2022-04-21
89113,8,6,1,9,7,2022-04-21
89115,5,4,1,6,5,2022-04-21
89131,10,4,2,12,6,2022-04-21
89145,5,1,1,6,2,2022-04-21
89506,7,6,1,8,7,2022-04-21
90033,10,7,1,11,8,2022-04-21
90056,4,1,1,5,2,2022-04-21
90065,9,7,2,11,9,2022-04-21
90201,3,2,1,4,3,2022-04-21
90265,5,4,1,6,5,2022-04-21
90290,4,2,1,5,3,2022-04-21
90501,7,6,1,8,7,2022-04-21
90803,6,4,1,7,5,2022-04-21
87120,8,2,1,9,3,2022-04-21
89044,6,4,2,8,6,2022-04-21
90011,11,10,1,12,11,2022-04-21
90028,20,8,2,22,10,2022-04-21
90043,10,4,2,12,6,2022-04-21
90045,23,9,3,26,12,2022-04-21
90046,22,9,4,26,13,2022-04-21
90210,7,5,1,8,6,2022-04-21
90230,8,6,1,9,7,2022-04-21
90245,6,2,1,7,3,2022-04-21
90247,9,4,1,10,5,2022-04-21
90260,3,3,1,4,4,2022-04-21
90278,15,9,2,17,11,2022-04-21
90280,14,7,1,15,8,2022-04-21
90712,9,5,1,10,6,2022-04-21
91016,9,5,1,10,6,2022-04-21
91030,8,1,1,9,2,2022-04-21
91214,9,3,1,10,4,2022-04-21
91316,4,3,1,5,4,2022-04-21
91364,12,7,1,13,8,2022-04-21
91601,24,9,1,25,10,2022-04-21
85086,5,4,1,6,5,2022-04-21
85202,12,8,2,14,10,2022-04-21
85209,7,3,2,9,5,2022-04-21
85234,6,5,1,7,6,2022-04-21
85286,17,8,2,19,10,2022-04-21
85304,4,1,1,5,2,2022-04-21
85377,3,1,1,4,2,2022-04-21
85388,5,2,1,6,3,2022-04-21
85704,5,3,1,6,4,2022-04-21
85711,2,2,1,3,3,2022-04-21
87031,3,2,1,4,3,2022-04-21
87401,3,2,1,4,3,2022-04-21
87501,12,5,1,13,6,2022-04-21
87508,7,1,2,9,3,2022-04-21
88001,1,1,1,2,2,2022-04-21
89030,3,2,1,4,3,2022-04-21
89123,12,5,1,13,6,2022-04-21
89128,11,7,1,12,8,2022-04-21
89523,9,5,1,10,6,2022-04-21
90005,7,5,1,8,6,2022-04-21
90007,28,13,2,30,15,2022-04-21
90025,41,21,1,42,22,2022-04-21
90740,7,3,1,8,4,2022-04-21
90806,4,4,1,5,5,2022-04-21
91104,9,6,1,10,7,2022-04-21
91106,15,6,1,16,7,2022-04-21
91206,8,4,1,9,5,2022-04-21
91306,5,2,1,6,3,2022-04-21
91390,2,2,1,3,3,2022-04-21
91505,7,4,1,8,5,2022-04-21
91606,9,8,2,11,10,2022-04-21
91709,12,8,2,14,10,2022-04-21
91724,6,1,1,7,2,2022-04-21
91740,4,1,1,5,2,2022-04-21
91776,6,4,1,7,5,2022-04-21
91791,5,2,1,6,3,2022-04-21
91910,9,5,3,12,8,2022-04-21
92009,23,13,2,25,15,2022-04-21
92024,18,13,1,19,14,2022-04-21
92025,5,3,1,6,4,2022-04-21
92027,14,5,1,15,6,2022-04-21
92075,1,1,2,3,3,2022-04-21
92107,11,7,2,13,9,2022-04-21
92109,37,26,5,42,31,2022-04-21
92110,14,12,1,15,13,2022-04-21
92374,7,3,2,9,5,2022-04-21
92376,3,2,1,4,3,2022-04-21
92625,3,2,1,4,3,2022-04-21
92626,8,4,1,9,5,2022-04-21
90034,24,11,1,25,12,2022-04-21
90039,18,6,1,19,7,2022-04-21
90041,6,4,1,7,5,2022-04-21
90057,6,2,1,7,3,2022-04-21
90059,4,2,1,5,3,2022-04-21
90064,21,12,2,23,14,2022-04-21
90066,27,13,1,28,14,2022-04-21
90089,4,1,1,5,2,2022-04-21
90241,4,2,1,5,3,2022-04-21
90250,21,10,1,22,11,2022-04-21
90275,11,6,2,13,8,2022-04-21
90291,21,6,2,23,8,2022-04-21
90602,3,1,1,4,2,2022-04-21
90802,13,5,1,14,6,2022-04-21
91020,3,3,1,4,4,2022-04-21
91302,8,4,1,9,5,2022-04-21
91320,18,10,1,19,11,2022-04-21
91361,5,2,1,6,3,2022-04-21
91604,15,8,1,16,9,2022-04-21
91754,3,2,1,4,3,2022-04-21
91913,12,6,2,14,8,2022-04-21
91945,4,2,1,5,3,2022-04-21
92029,4,1,1,5,2,2022-04-21
92081,13,8,2,15,10,2022-04-21
92104,22,9,2,24,11,2022-04-21
92106,9,5,1,10,6,2022-04-21
92111,15,8,1,16,9,2022-04-21
92120,5,4,1,6,5,2022-04-21
92122,32,14,2,34,16,2022-04-21
92129,18,6,1,19,7,2022-04-21
92154,13,5,1,14,6,2022-04-21
92270,5,1,2,7,3,2022-04-21
92504,4,2,1,5,3,2022-04-21
91784,6,4,1,7,5,2022-04-21
91932,8,5,1,9,6,2022-04-21
92083,3,3,2,5,5,2022-04-21
92101,36,18,3,39,21,2022-04-21
92102,9,4,1,10,5,2022-04-21
92116,6,4,1,7,5,2022-04-21
92118,9,4,1,10,5,2022-04-21
92553,7,3,1,8,4,2022-04-21
92584,8,6,1,9,7,2022-04-21
92617,10,3,1,11,4,2022-04-21
92620,16,10,1,17,11,2022-04-21
92704,12,7,1,13,8,2022-04-21
92870,8,4,1,9,5,2022-04-21
93001,4,1,1,5,2,2022-04-21
93021,9,7,1,10,8,2022-04-21
93436,5,2,1,6,3,2022-04-21
93437,2,2,1,3,3,2022-04-21
93536,12,5,1,13,6,2022-04-21
93555,13,6,2,15,8,2022-04-21
93637,1,1,1,2,2,2022-04-21
93703,2,1,1,3,2,2022-04-21
93720,8,6,1,9,7,2022-04-21
93907,1,1,2,3,3,2022-04-21
91303,3,2,1,4,3,2022-04-21
91335,14,10,2,16,12,2022-04-21
91362,10,4,2,12,6,2022-04-21
91401,9,4,1,10,5,2022-04-21
91501,5,3,1,6,4,2022-04-21
91730,7,3,1,8,4,2022-04-21
91789,11,10,1,12,11,2022-04-21
91803,7,4,1,8,5,2022-04-21
92019,10,4,1,11,5,2022-04-21
92037,33,16,2,35,18,2022-04-21
92064,9,7,1,10,8,2022-04-21
92130,25,14,1,26,15,2022-04-21
92139,4,1,1,5,2,2022-04-21
92253,10,6,1,11,7,2022-04-21
92262,7,3,1,8,4,2022-04-21
92314,2,2,1,3,3,2022-04-21
92555,8,2,2,10,4,2022-04-21
92591,3,3,1,4,4,2022-04-21
92630,17,9,1,18,10,2022-04-21
92648,20,9,3,23,12,2022-04-21
92657,3,1,1,4,2,2022-04-21
92691,6,5,1,7,6,2022-04-21
92780,6,3,1,7,4,2022-04-21
92782,3,1,1,4,2,2022-04-21
92832,1,1,1,2,2,2022-04-21
93030,4,3,1,5,4,2022-04-21
93109,4,2,1,5,3,2022-04-21
93257,1,1,1,2,2,2022-04-21
92629,5,2,2,7,4,2022-04-21
92647,7,5,2,9,7,2022-04-21
92672,8,7,1,9,8,2022-04-21
92683,8,7,1,9,8,2022-04-21
92688,9,6,1,10,7,2022-04-21
92708,12,7,1,13,8,2022-04-21
92831,8,5,1,9,6,2022-04-21
92883,4,2,1,5,3,2022-04-21
93033,3,2,1,4,3,2022-04-21
93065,9,6,2,11,8,2022-04-21
93117,19,10,1,20,11,2022-04-21
93551,8,3,1,9,4,2022-04-21
93944,7,4,2,9,6,2022-04-21
94044,7,5,1,8,6,2022-04-21
94087,20,13,2,22,15,2022-04-21
94103,30,10,1,31,11,2022-04-21
94112,13,6,1,14,7,2022-04-21
94117,22,8,1,23,9,2022-04-21
94133,9,5,1,10,6,2022-04-21
94501,22,13,1,23,14,2022-04-21
94503,2,2,2,4,4,2022-04-21
94526,8,1,1,9,2,2022-04-21
94610,18,9,3,21,12,2022-04-21
94612,13,7,2,15,9,2022-04-21
94930,3,1,1,4,2,2022-04-21
92677,17,8,1,18,9,2022-04-21
92692,8,5,4,12,9,2022-04-21
92845,1,1,1,2,2,2022-04-21
93010,12,6,1,13,7,2022-04-21
93063,8,3,1,9,4,2022-04-21
93110,3,1,1,4,2,2022-04-21
93311,9,7,1,10,8,2022-04-21
93427,2,2,1,3,3,2022-04-21
94015,11,4,1,12,5,2022-04-21
94066,9,5,2,11,7,2022-04-21
94114,19,9,4,23,13,2022-04-21
94115,29,12,2,31,14,2022-04-21
94132,11,4,1,12,5,2022-04-21
94517,2,1,1,3,2,2022-04-21
94531,5,3,1,6,4,2022-04-21
94533,10,7,1,11,8,2022-04-21
94549,9,5,2,11,7,2022-04-21
94565,8,3,3,11,6,2022-04-21
94965,4,3,1,5,4,2022-04-21
95051,13,7,2,15,9,2022-04-21
95132,9,4,1,10,5,2022-04-21
95133,4,1,1,5,2,2022-04-21
95134,32,18,1,33,19,2022-04-21
95219,1,1,1,2,2,2022-04-21
93940,37,21,3,40,24,2022-04-21
93955,37,25,2,39,27,2022-04-21
94024,8,5,1,9,6,2022-04-21
94040,24,8,1,25,9,2022-04-21
94121,16,8,1,17,9,2022-04-21
94123,14,3,1,15,4,2022-04-21
94124,3,3,2,5,5,2022-04-21
94305,20,8,1,21,9,2022-04-21
94506,12,8,1,13,9,2022-04-21
94541,8,3,2,10,5,2022-04-21
94591,6,3,1,7,4,2022-04-21
94607,15,5,3,18,8,2022-04-21
94608,29,14,3,32,17,2022-04-21
94707,12,4,1,13,5,2022-04-21
94941,15,5,1,16,6,2022-04-21
95008,12,6,1,13,7,2022-04-21
95023,4,1,1,5,2,2022-04-21
95060,16,5,1,17,6,2022-04-21
95341,3,2,1,4,3,2022-04-21
95661,4,3,1,5,4,2022-04-21
95826,3,2,1,4,3,2022-04-21
95014,24,16,1,25,17,2022-04-21
95062,11,7,1,12,8,2022-04-21
95112,14,6,1,15,7,2022-04-21
95121,3,2,2,5,4,2022-04-21
95128,10,4,2,12,6,2022-04-21
95130,3,3,1,4,4,2022-04-21
95355,7,4,1,8,5,2022-04-21
95630,13,2,2,15,4,2022-04-21
95746,5,3,1,6,4,2022-04-21
95821,2,1,1,3,2,2022-04-21
96734,37,25,1,38,26,2022-04-21
96761,15,13,1,16,14,2022-04-21
96766,2,1,1,3,2,2022-04-21
96768,1,1,1,2,2,2022-04-21
96782,14,10,3,17,13,2022-04-21
96786,15,6,2,17,8,2022-04-21
96793,7,3,1,8,4,2022-04-21
96816,13,8,2,15,10,2022-04-21
96818,35,20,2,37,22,2022-04-21
97220,3,1,1,4,2,2022-04-21
97304,4,2,1,5,3,2022-04-21
97420,2,2,1,3,3,2022-04-21
93950,5,4,1,6,5,2022-04-21
94025,25,15,5,30,20,2022-04-21
94043,18,7,1,19,8,2022-04-21
94070,9,4,1,10,5,2022-04-21
94109,44,20,2,46,22,2022-04-21
94111,4,3,1,5,4,2022-04-21
94309,7,5,1,8,6,2022-04-21
94402,11,6,1,12,7,2022-04-21
94404,15,11,1,16,12,2022-04-21
94513,11,5,1,12,6,2022-04-21
94520,2,2,1,3,3,2022-04-21
94536,8,5,1,9,6,2022-04-21
94545,6,5,1,7,6,2022-04-21
94568,16,7,1,17,8,2022-04-21
94602,16,7,1,17,8,2022-04-21
94704,27,13,1,28,14,2022-04-21
94804,8,4,1,9,5,2022-04-21
94904,6,4,2,8,6,2022-04-21
94947,3,2,1,4,3,2022-04-21
95688,2,1,1,3,2,2022-04-21
95603,3,1,2,5,3,2022-04-21
95687,18,13,1,19,14,2022-04-21
95834,9,2,1,10,3,2022-04-21
95835,5,3,1,6,4,2022-04-21
95901,9,4,2,11,6,2022-04-21
96740,18,7,1,19,8,2022-04-21
96756,5,2,2,7,4,2022-04-21
97124,9,5,3,12,8,2022-04-21
97405,14,7,2,16,9,2022-04-21
98023,3,3,1,4,4,2022-04-21
95843,4,3,1,5,4,2022-04-21
96161,3,1,1,4,2,2022-04-21
96797,8,3,1,9,4,2022-04-21
96814,12,4,2,14,6,2022-04-21
96815,27,21,1,28,22,2022-04-21
97030,7,5,1,8,6,2022-04-21
97031,5,2,1,6,3,2022-04-21
97229,19,9,1,20,10,2022-04-21
97333,7,5,1,8,6,2022-04-21
97818,115,89,3,118,92,2022-04-21
98033,7,4,4,11,8,2022-04-21
98115,22,12,2,24,14,2022-04-21
98133,12,8,2,14,10,2022-04-21
98166,2,2,1,3,3,2022-04-21
98168,8,8,1,9,9,2022-04-21
98251,2,1,1,3,2,2022-04-21
98282,4,2,1,5,3,2022-04-21
98368,3,2,1,4,3,2022-04-21
98402,3,3,1,4,4,2022-04-21
98466,5,4,1,6,5,2022-04-21
98075,8,5,1,9,6,2022-04-21
98107,11,5,3,14,8,2022-04-21
98109,37,8,2,39,10,2022-04-21
98226,5,2,1,6,3,2022-04-21
98277,15,8,2,17,10,2022-04-21
98642,3,2,1,4,3,2022-04-21
98662,2,2,1,3,3,2022-04-21
98826,3,1,1,4,2,2022-04-21
98926,7,7,1,8,8,2022-04-21
99163,7,3,1,8,4,2022-04-21
99645,4,2,1,5,3,2022-04-21
99664,149,108,2,151,110,2022-04-21
97504,3,2,1,4,3,2022-04-21
98004,16,7,1,17,8,2022-04-21
98006,13,6,2,15,8,2022-04-21
98011,12,7,1,13,8,2022-04-21
98029,11,3,1,12,4,2022-04-21
98036,4,2,1,5,3,2022-04-21
98070,3,2,1,4,3,2022-04-21
98104,11,7,2,13,9,2022-04-21
98122,27,11,2,29,13,2022-04-21
98204,3,1,1,4,2,2022-04-21
98406,5,3,1,6,4,2022-04-21
98513,4,3,1,5,4,2022-04-21
98531,2,1,1,3,2,2022-04-21
98604,6,2,1,7,3,2022-04-21
99301,17,12,1,18,13,2022-04-21
99508,4,2,2,6,4,2022-04-21
99515,1,1,1,2,2,2022-04-21
99615,2,1,4,6,5,2022-04-21
98503,4,2,1,5,3,2022-04-21
99205,4,3,2,6,5,2022-04-21
99336,11,11,1,12,12,2022-04-21
99352,20,16,1,21,17,2022-04-21
99505,1,1,1,2,2,2022-04-21
99654,5,2,3,8,5,2022-04-21
95747,5,5,3,8,8,2022-04-21
96701,13,9,2,15,11,2022-04-21
96817,10,7,1,11,8,2022-04-21
96819,14,4,1,15,5,2022-04-21
97003,3,1,1,4,2,2022-04-21
97060,2,1,1,3,2,2022-04-21
97301,4,2,1,5,3,2022-04-21
97403,3,2,1,4,3,2022-04-21
97501,2,1,1,3,2,2022-04-21
97526,1,1,1,2,2,2022-04-21
97844,6,6,1,7,7,2022-04-21
98003,14,9,1,15,10,2022-04-21
98005,5,3,2,7,5,2022-04-21
98012,3,2,2,5,4,2022-04-21
98055,7,4,1,8,5,2022-04-21
98105,19,7,2,21,9,2022-04-21
98112,14,4,3,17,7,2022-04-21
98119,12,6,1,13,7,2022-04-21
98121,25,11,2,27,13,2022-04-21
98203,4,1,1,5,2,2022-04-21
98664,6,3,1,7,4,2022-04-21
99709,5,2,1,6,3,2022-04-21
