zip,first_dose,second_dose,single_dose,at_least_one_dose,fully_vaccinated,date
10006,10,5,1,11,6,2022-04-26
10011,67,33,6,73,39,2022-04-26
10022,35,18,2,37,20,2022-04-26
10029,43,27,2,45,29,2022-04-26
10031,38,19,1,39,20,2022-04-26
10036,52,23,2,54,25,2022-04-26
10038,32,13,1,33,14,2022-04-26
10065,48,19,1,49,20,2022-04-26
10304,34,23,3,37,26,2022-04-26
10456,36,23,1,37,24,2022-04-26
10463,38,17,2,40,19,2022-04-26
10465,15,13,3,18,16,2022-04-26
10472,19,13,1,20,14,2022-04-26
10522,5,4,1,6,5,2022-04-26
10538,24,13,1,25,14,2022-04-26
10708,35,23,1,36,24,2022-04-26
10940,17,9,1,18,10,2022-04-26
10956,21,14,1,22,15,2022-04-26
11040,29,16,1,30,17,2022-04-26
11101,40,18,1,41,19,2022-04-26
11106,20,10,1,21,11,2022-04-26
11201,98,45,6,104,51,2022-04-26
11206,55,30,2,57,32,2022-04-26
11208,57,32,1,58,33,2022-04-26
11215,72,33,5,77,38,2022-04-26
11217,34,12,1,35,13,2022-04-26
11224,15,6,2,17,8,2022-04-26
11226,88,45,5,93,50,2022-04-26
11231,36,19,2,38,21,2022-04-26
11233,46,27,4,50,31,2022-04-26
11249,32,10,1,33,11,2022-04-26
11358,21,13,1,22,14,2022-04-26
11365,24,12,1,25,13,2022-04-26
11367,26,15,1,27,16,2022-04-26
10003,85,45,4,89,49,2022-04-26
10005,14,6,1,15,7,2022-04-26
10012,43,25,3,46,28,2022-04-26
10014,44,16,4,48,20,2022-04-26
10021,60,31,2,62,33,2022-04-26
10023,89,47,9,98,56,2022-04-26
10028,54,27,1,55,28,2022-04-26
10030,25,14,3,28,17,2022-04-26
10039,27,12,1,28,13,2022-04-26
10128,82,47,2,84,49,2022-04-26
10307,4,3,1,5,4,2022-04-26
10314,31,17,1,32,18,2022-04-26
10457,21,16,1,22,17,2022-04-26
10464,2,2,1,3,3,2022-04-26
10466,35,25,2,37,27,2022-04-26
10516,2,1,2,4,3,2022-04-26
10541,7,5,1,8,6,2022-04-26
10566,14,9,1,15,10,2022-04-26
10573,24,18,1,25,19,2022-04-26
10580,16,10,1,17,11,2022-04-26
10589,3,3,1,4,4,2022-04-26
10598,28,19,2,30,21,2022-04-26
10605,25,15,1,26,16,2022-04-26
10705,7,7,1,8,8,2022-04-26
10707,11,6,1,12,7,2022-04-26
10930,4,3,1,5,4,2022-04-26
10941,5,3,2,7,5,2022-04-26
10998,4,3,1,5,4,2022-04-26
11023,11,9,1,12,10,2022-04-26
11207,61,32,1,62,33,2022-04-26
11209,34,18,2,36,20,2022-04-26
11216,59,32,5,64,37,2022-04-26
11218,46,31,1,47,32,2022-04-26
11223,15,7,2,17,9,2022-04-26
11225,55,32,2,57,34,2022-04-26
11357,20,16,1,21,17,2022-04-26
11368,36,20,1,37,21,2022-04-26
11373,89,57,3,92,60,2022-04-26
11377,57,37,5,62,42,2022-04-26
11427,16,5,1,17,6,2022-04-26
10001,58,33,1,59,34,2022-04-26
10002,115,77,2,117,79,2022-04-26
10016,84,32,3,87,35,2022-04-26
10017,29,15,5,34,20,2022-04-26
10018,27,11,1,28,12,2022-04-26
10019,67,38,2,69,40,2022-04-26
10032,38,16,2,40,18,2022-04-26
10033,18,14,2,20,16,2022-04-26
10034,18,8,2,20,10,2022-04-26
10301,23,16,1,24,17,2022-04-26
10451,23,16,1,24,17,2022-04-26
10452,29,18,1,30,19,2022-04-26
10453,23,14,1,24,15,2022-04-26
10467,57,37,1,58,38,2022-04-26
10468,18,12,4,22,16,2022-04-26
10469,26,15,6,32,21,2022-04-26
10550,27,22,2,29,24,2022-04-26
10567,13,9,1,14,10,2022-04-26
10570,14,11,1,15,12,2022-04-26
10601,11,6,1,12,7,2022-04-26
10603,9,5,1,10,6,2022-04-26
10701,27,13,1,28,14,2022-04-26
10704,15,13,1,16,14,2022-04-26
10801,41,26,4,45,30,2022-04-26
10901,18,8,3,21,11,2022-04-26
10952,19,12,1,20,13,2022-04-26
10970,6,3,2,8,5,2022-04-26
11001,15,8,1,16,9,2022-04-26
11003,43,25,1,44,26,2022-04-26
11102,28,12,1,29,13,2022-04-26
11103,36,17,1,37,18,2022-04-26
11203,60,37,3,63,40,2022-04-26
11219,61,40,2,63,42,2022-04-26
11220,186,128,2,188,130,2022-04-26
11221,74,37,1,75,38,2022-04-26
11222,33,16,1,34,17,2022-04-26
11236,66,45,4,70,49,2022-04-26
11237,22,7,2,24,9,2022-04-26
11238,91,45,5,96,50,2022-04-26
11354,48,31,3,51,34,2022-04-26
11355,115,82,5,120,87,2022-04-26
11372,27,17,1,28,18,2022-04-26
11420,14,11,1,15,12,2022-04-26
11520,34,19,1,35,20,2022-04-26
11570,29,20,2,31,22,2022-04-26
11590,48,31,3,51,34,2022-04-26
10009,69,25,1,70,26,2022-04-26
10010,70,45,4,74,49,2022-04-26
10024,73,34,4,77,38,2022-04-26
10025,128,72,6,134,78,2022-04-26
10026,31,10,1,32,11,2022-04-26
10027,78,37,2,80,39,2022-04-26
10308,8,4,1,9,5,2022-04-26
10458,28,16,1,29,17,2022-04-26
10461,34,25,1,35,26,2022-04-26
10475,15,9,2,17,11,2022-04-26
10509,3,1,1,4,2,2022-04-26
10510,14,9,2,16,11,2022-04-26
10543,21,10,2,23,12,2022-04-26
10710,20,14,1,21,15,2022-04-26
10994,6,3,1,7,4,2022-04-26
11111,99,89,7,106,96,2022-04-26
11210,46,24,1,47,25,2022-04-26
11212,44,28,5,49,33,2022-04-26
11214,42,23,1,43,24,2022-04-26
11228,18,8,1,19,9,2022-04-26
11229,33,18,3,36,21,2022-04-26
11230,58,35,1,59,36,2022-04-26
11363,5,3,1,6,4,2022-04-26
11378,7,6,1,8,7,2022-04-26
11379,9,6,1,10,7,2022-04-26
11413,35,26,1,36,27,2022-04-26
11429,19,10,2,21,12,2022-04-26
11561,19,8,1,20,9,2022-04-26
11563,16,10,1,17,11,2022-04-26
11581,15,6,1,16,7,2022-04-26
11730,4,3,1,5,4,2022-04-26
11732,5,3,1,6,4,2022-04-26
11746,45,25,2,47,27,2022-04-26
11747,14,9,1,15,10,2022-04-26
11762,11,7,1,12,8,2022-04-26
11782,10,8,1,11,9,2022-04-26
11795,11,7,1,12,8,2022-04-26
11946,5,4,1,6,5,2022-04-26
11949,12,8,1,13,9,2022-04-26
12065,26,13,1,27,14,2022-04-26
12148,5,4,1,6,5,2022-04-26
12182,3,1,1,4,2,2022-04-26
12198,2,1,1,3,2,2022-04-26
12533,13,9,1,14,10,2022-04-26
12534,4,4,1,5,5,2022-04-26
12550,18,6,1,19,7,2022-04-26
12582,3,3,1,4,4,2022-04-26
12701,3,2,1,4,3,2022-04-26
12831,9,7,2,11,9,2022-04-26
12866,24,17,2,26,19,2022-04-26
12901,5,3,2,7,5,2022-04-26
13069,2,1,1,3,2,2022-04-26
11434,34,17,2,36,19,2022-04-26
11550,44,29,1,45,30,2022-04-26
11566,24,18,1,25,19,2022-04-26
11575,11,5,1,12,6,2022-04-26
11691,30,21,3,33,24,2022-04-26
11725,13,9,2,15,11,2022-04-26
11741,19,7,3,22,10,2022-04-26
11743,43,26,3,46,29,2022-04-26
11752,6,6,1,7,7,2022-04-26
11768,11,10,1,12,11,2022-04-26
11786,7,4,1,8,5,2022-04-26
12084,6,4,1,7,5,2022-04-26
12095,3,1,2,5,3,2022-04-26
12211,10,4,1,11,5,2022-04-26
12309,17,8,1,18,9,2022-04-26
12345,26,17,2,28,19,2022-04-26
12468,1,1,1,2,2,2022-04-26
12561,4,2,1,5,3,2022-04-26
12570,7,2,1,8,3,2022-04-26
11385,41,27,2,43,29,2022-04-26
11415,12,7,1,13,8,2022-04-26
11417,12,6,1,13,7,2022-04-26
11435,35,23,1,36,24,2022-04-26
11510,37,24,2,39,26,2022-04-26
11560,11,7,2,13,9,2022-04-26
11576,12,7,2,14,9,2022-04-26
11701,16,11,1,17,12,2022-04-26
11717,23,15,1,24,16,2022-04-26
11724,1,1,1,2,2,2022-04-26
11733,18,14,1,19,15,2022-04-26
11735,18,9,1,19,10,2022-04-26
11801,32,16,1,33,17,2022-04-26
11901,7,4,1,8,5,2022-04-26
11944,4,2,1,5,3,2022-04-26
11951,6,2,1,7,3,2022-04-26
12078,1,1,1,2,2,2022-04-26
12203,21,12,1,22,13,2022-04-26
12528,3,1,1,4,2,2022-04-26
12553,7,4,1,8,5,2022-04-26
12603,22,8,1,23,9,2022-04-26
12828,1,1,1,2,2,2022-04-26
12919,1,1,1,2,2,2022-04-26
12946,5,1,1,6,2,2022-04-26
13021,8,3,1,9,4,2022-04-26
13078,8,4,1,9,5,2022-04-26
11706,44,30,6,50,36,2022-04-26
11721,12,9,1,13,10,2022-04-26
11754,19,11,1,20,12,2022-04-26
11756,15,11,1,16,12,2022-04-26
11757,14,8,1,15,9,2022-04-26
11772,12,8,2,14,10,2022-04-26
11787,26,15,1,27,16,2022-04-26
11788,12,11,1,13,12,2022-04-26
11790,17,9,2,19,11,2022-04-26
11937,2,2,1,3,3,2022-04-26
12054,16,10,1,17,11,2022-04-26
12189,9,6,3,12,9,2022-04-26
12208,13,11,1,14,12,2022-04-26
12308,2,1,1,3,2,2022-04-26
12572,3,2,1,4,3,2022-04-26
12590,17,9,1,18,10,2022-04-26
13108,1,1,1,2,2,2022-04-26
13126,6,4,1,7,5,2022-04-26
13152,10,2,1,11,3,2022-04-26
13601,6,3,1,7,4,2022-04-26
13669,6,4,1,7,5,2022-04-26
13901,5,3,1,6,4,2022-04-26
13904,3,2,1,4,3,2022-04-26
14086,13,6,1,14,7,2022-04-26
14623,21,15,1,22,16,2022-04-26
14870,5,3,1,6,4,2022-04-26
15090,28,16,2,30,18,2022-04-26
13104,11,6,2,13,8,2022-04-26
13145,1,1,1,2,2,2022-04-26
14051,16,12,1,17,13,2022-04-26
14215,11,4,1,12,5,2022-04-26
14224,7,5,1,8,6,2022-04-26
14226,11,9,1,12,10,2022-04-26
14526,8,7,1,9,8,2022-04-26
14610,7,2,1,8,3,2022-04-26
14619,4,2,1,5,3,2022-04-26
14624,9,4,2,11,6,2022-04-26
14760,3,2,1,4,3,2022-04-26
14892,1,1,1,2,2,2022-04-26
14903,1,1,1,2,2,2022-04-26
15001,13,10,4,17,14,2022-04-26
15044,24,14,5,29,19,2022-04-26
15085,2,1,1,3,2,2022-04-26
15101,16,11,2,18,13,2022-04-26
15201,11,5,1,12,6,2022-04-26
15203,8,3,1,9,4,2022-04-26
15212,18,7,4,22,11,2022-04-26
13148,4,1,2,6,3,2022-04-26
13732,6,4,2,8,6,2022-04-26
13905,20,14,2,22,16,2022-04-26
14150,7,3,1,8,4,2022-04-26
14214,10,5,1,11,6,2022-04-26
14450,13,9,2,15,11,2022-04-26
14502,2,1,1,3,2,2022-04-26
14534,28,15,1,29,16,2022-04-26
14850,78,41,5,83,46,2022-04-26
15084,2,1,1,3,2,2022-04-26
15102,17,13,1,18,14,2022-04-26
15120,4,2,1,5,3,2022-04-26
15202,23,12,1,24,13,2022-04-26
15211,5,3,1,6,4,2022-04-26
15218,13,11,1,14,12,2022-04-26
15220,12,5,1,13,6,2022-04-26
15227,12,10,2,14,12,2022-04-26
15234,8,7,1,9,8,2022-04-26
15411,41,29,1,42,30,2022-04-26
15536,13,8,1,14,9,2022-04-26
15538,21,16,5,26,21,2022-04-26
13492,NA,1,1,NA,2,2022-04-26
13612,1,1,1,2,2,2022-04-26
13676,7,2,1,8,3,2022-04-26
14127,16,13,1,17,14,2022-04-26
14228,9,6,1,10,7,2022-04-26
14779,1,1,1,2,2,2022-04-26
14845,5,4,1,6,5,2022-04-26
15014,5,4,1,6,5,2022-04-26
15063,11,8,1,12,9,2022-04-26
15146,18,7,1,19,8,2022-04-26
15147,7,6,1,8,7,2022-04-26
15213,62,32,1,63,33,2022-04-26
15216,13,2,2,15,4,2022-04-26
15232,32,20,1,33,21,2022-04-26
15367,19,9,1,20,10,2022-04-26
15532,18,13,2,20,15,2022-04-26
15533,8,8,2,10,10,2022-04-26
15534,28,18,4,32,22,2022-04-26
15564,25,22,1,26,23,2022-04-26
15601,33,16,2,35,18,2022-04-26
15666,5,2,2,7,4,2022-04-26
15106,15,12,1,16,13,2022-04-26
15108,20,12,1,21,13,2022-04-26
15122,7,4,1,8,5,2022-04-26
15205,21,11,2,23,13,2022-04-26
15207,3,1,1,4,2,2022-04-26
15222,15,7,1,16,8,2022-04-26
15238,21,10,1,22,11,2022-04-26
15239,16,11,1,17,12,2022-04-26
15241,28,18,2,30,20,2022-04-26
15424,61,38,3,64,41,2022-04-26
15459,30,21,1,31,22,2022-04-26
15473,1,1,1,2,2,2022-04-26
15522,238,183,21,259,204,2022-04-26
15540,38,17,1,39,18,2022-04-26
15558,336,228,10,346,238,2022-04-26
15642,23,18,2,25,20,2022-04-26
15658,9,7,2,11,9,2022-04-26
15924,3,3,1,4,4,2022-04-26
16127,6,5,1,7,6,2022-04-26
16509,10,6,1,11,7,2022-04-26
16510,5,2,1,6,3,2022-04-26
16625,5,4,1,6,5,2022-04-26
17011,95,61,4,99,65,2022-04-26
17013,76,43,4,80,47,2022-04-26
17043,14,10,2,16,12,2022-04-26
17046,11,8,1,12,9,2022-04-26
17061,2,2,2,4,4,2022-04-26
17062,2,1,1,3,2,2022-04-26
15701,15,12,2,17,14,2022-04-26
15714,1,1,1,2,2,2022-04-26
15748,2,2,1,3,3,2022-04-26
16002,5,4,2,7,6,2022-04-26
16066,35,24,2,37,26,2022-04-26
16150,2,1,1,3,2,2022-04-26
16335,6,2,2,8,4,2022-04-26
16601,15,12,3,18,15,2022-04-26
16602,23,18,2,25,20,2022-04-26
16635,7,4,1,8,5,2022-04-26
16652,9,5,2,11,7,2022-04-26
16667,5,3,2,7,5,2022-04-26
16686,9,6,1,10,7,2022-04-26
16801,115,65,11,126,76,2022-04-26
16802,17,13,1,18,14,2022-04-26
16803,78,31,10,88,41,2022-04-26
16870,10,2,1,11,3,2022-04-26
17018,3,3,2,5,5,2022-04-26
17019,41,27,4,45,31,2022-04-26
17036,73,46,7,80,53,2022-04-26
17038,5,5,1,6,6,2022-04-26
17053,9,7,1,10,8,2022-04-26
17055,93,68,12,105,80,2022-04-26
17070,45,33,2,47,35,2022-04-26
17087,3,1,1,4,2,2022-04-26
17088,2,1,1,3,2,2022-04-26
17102,19,13,3,22,16,2022-04-26
17104,27,19,4,31,23,2022-04-26
17202,503,421,59,562,480,2022-04-26
17222,184,146,36,220,182,2022-04-26
17235,11,9,1,12,10,2022-04-26
17236,601,457,77,678,534,2022-04-26
17237,59,40,11,70,51,2022-04-26
17238,180,122,14,194,136,2022-04-26
17252,50,39,10,60,49,2022-04-26
17255,2,1,1,3,2,2022-04-26
17272,8,7,1,9,8,2022-04-26
17302,304,213,55,359,268,2022-04-26
17303,7,7,1,8,8,2022-04-26
17304,32,28,1,33,29,2022-04-26
17319,26,20,3,29,23,2022-04-26
17320,922,712,118,1040,830,2022-04-26
17321,429,323,61,490,384,2022-04-26
17322,165,132,26,191,158,2022-04-26
17339,19,17,2,21,19,2022-04-26
17352,110,90,22,132,112,2022-04-26
17353,61,53,6,67,59,2022-04-26
17370,11,10,3,14,13,2022-04-26
15217,62,37,1,63,38,2022-04-26
15219,15,9,2,17,11,2022-04-26
15226,10,6,1,11,7,2022-04-26
15235,17,10,2,19,12,2022-04-26
15237,33,19,1,34,20,2022-04-26
15301,16,8,1,17,9,2022-04-26
15317,36,24,1,37,25,2022-04-26
15401,29,18,4,33,22,2022-04-26
15478,5,5,2,7,7,2022-04-26
15501,20,11,4,24,15,2022-04-26
15530,33,24,2,35,26,2022-04-26
15535,139,103,21,160,124,2022-04-26
15537,49,41,5,54,46,2022-04-26
15562,67,38,1,68,39,2022-04-26
15610,3,2,1,4,3,2022-04-26
15905,23,11,2,25,13,2022-04-26
15946,8,5,1,9,6,2022-04-26
16046,10,7,2,12,9,2022-04-26
16105,11,6,1,12,7,2022-04-26
16148,7,4,1,8,5,2022-04-26
16412,4,3,1,5,4,2022-04-26
16630,4,3,1,5,4,2022-04-26
16648,14,12,3,17,15,2022-04-26
16673,4,4,2,6,6,2022-04-26
16823,26,18,2,28,20,2022-04-26
17007,15,9,2,17,11,2022-04-26
17025,44,26,3,47,29,2022-04-26
17034,3,2,1,4,3,2022-04-26
17050,133,92,13,146,105,2022-04-26
17057,33,18,2,35,20,2022-04-26
17109,41,31,3,44,34,2022-04-26
17214,131,88,20,151,108,2022-04-26
17225,2036,1638,269,2305,1907,2022-04-26
17110,54,43,4,58,47,2022-04-26
17111,75,46,7,82,53,2022-04-26
17112,98,65,5,103,70,2022-04-26
17113,14,9,1,15,10,2022-04-26
17211,52,40,4,56,44,2022-04-26
17212,36,27,4,40,31,2022-04-26
17228,7,7,2,9,9,2022-04-26
17244,7,3,2,9,5,2022-04-26
17263,51,36,6,57,42,2022-04-26
17313,158,129,15,173,144,2022-04-26
17314,1666,1180,259,1925,1439,2022-04-26
17327,518,433,74,592,507,2022-04-26
17329,210,173,19,229,192,2022-04-26
17344,60,45,10,70,55,2022-04-26
17345,35,28,4,39,32,2022-04-26
17347,51,40,7,58,47,2022-04-26
17361,714,591,51,765,642,2022-04-26
17362,246,204,24,270,228,2022-04-26
17363,870,762,71,941,833,2022-04-26
17364,16,14,1,17,15,2022-04-26
17512,64,20,3,67,23,2022-04-26
17529,3,1,1,4,2,2022-04-26
17545,26,17,4,30,21,2022-04-26
17563,73,56,16,89,72,2022-04-26
17579,13,12,2,15,14,2022-04-26
17931,4,3,1,5,4,2022-04-26
17963,5,4,1,6,5,2022-04-26
17981,2,1,1,3,2,2022-04-26
18013,12,7,1,13,8,2022-04-26
18015,31,17,2,33,19,2022-04-26
18049,18,12,2,20,14,2022-04-26
18062,25,18,3,28,21,2022-04-26
18064,19,12,2,21,14,2022-04-26
18066,2,1,2,4,3,2022-04-26
18080,3,3,1,4,4,2022-04-26
18332,1,1,1,2,2,2022-04-26
18350,1,1,1,2,2,2022-04-26
18431,7,4,1,8,5,2022-04-26
18464,1,1,1,2,2,2022-04-26
18634,8,6,1,9,7,2022-04-26
18834,2,1,1,3,2,2022-04-26
18901,45,25,2,47,27,2022-04-26
18966,38,24,3,41,27,2022-04-26
19001,21,11,2,23,13,2022-04-26
19002,69,42,6,75,48,2022-04-26
19015,30,19,1,31,20,2022-04-26
19018,32,20,4,36,24,2022-04-26
19034,26,20,2,28,22,2022-04-26
15545,379,286,36,415,322,2022-04-26
15552,480,317,21,501,338,2022-04-26
15636,1,1,1,2,2,2022-04-26
15902,9,5,1,10,6,2022-04-26
15906,4,1,1,5,2,2022-04-26
15963,13,6,1,14,7,2022-04-26
16506,10,6,1,11,7,2022-04-26
16947,2,2,1,3,3,2022-04-26
17015,35,25,5,40,30,2022-04-26
17022,49,32,2,51,34,2022-04-26
17024,3,1,1,4,2,2022-04-26
17033,48,29,1,49,30,2022-04-26
17040,1,1,1,2,2,2022-04-26
17042,32,23,1,33,24,2022-04-26
17065,11,6,1,12,7,2022-04-26
17067,10,9,1,11,10,2022-04-26
17090,5,4,1,6,5,2022-04-26
17201,348,252,43,391,295,2022-04-26
17224,25,25,4,29,29,2022-04-26
17233,59,44,13,72,57,2022-04-26
17256,9,8,4,13,12,2022-04-26
17267,443,307,45,488,352,2022-04-26
17301,31,26,6,37,32,2022-04-26
17315,136,110,4,140,114,2022-04-26
17317,2,2,1,3,3,2022-04-26
17324,9,7,3,12,10,2022-04-26
17331,2916,2376,265,3181,2641,2022-04-26
17340,1023,808,70,1093,878,2022-04-26
17349,1019,849,65,1084,914,2022-04-26
17356,373,312,38,411,350,2022-04-26
17360,306,253,14,320,267,2022-04-26
17401,54,37,4,58,41,2022-04-26
17408,291,228,23,314,251,2022-04-26
17517,13,11,3,16,14,2022-04-26
17540,8,6,4,12,10,2022-04-26
17560,12,7,3,15,10,2022-04-26
17372,19,13,1,20,14,2022-04-26
17402,478,393,41,519,434,2022-04-26
17403,476,393,31,507,424,2022-04-26
17404,310,245,19,329,264,2022-04-26
17406,166,131,12,178,143,2022-04-26
17519,7,7,1,8,8,2022-04-26
17522,38,31,4,42,35,2022-04-26
17536,24,17,2,26,19,2022-04-26
17554,13,10,1,14,11,2022-04-26
17555,4,2,1,5,3,2022-04-26
17603,176,134,14,190,148,2022-04-26
17754,6,5,2,8,7,2022-04-26
17837,38,19,5,43,24,2022-04-26
17857,5,3,1,6,4,2022-04-26
17870,14,7,2,16,9,2022-04-26
18040,16,11,1,17,12,2022-04-26
18073,6,3,4,10,7,2022-04-26
18091,2,1,1,3,2,2022-04-26
18104,34,20,2,36,22,2022-04-26
18106,9,4,1,10,5,2022-04-26
18325,3,3,2,5,5,2022-04-26
18407,5,1,4,9,5,2022-04-26
18505,18,11,1,19,12,2022-04-26
18508,7,4,1,8,5,2022-04-26
18657,4,2,1,5,3,2022-04-26
18706,7,4,2,9,6,2022-04-26
18707,10,2,1,11,3,2022-04-26
18708,8,6,2,10,8,2022-04-26
18940,50,31,1,51,32,2022-04-26
18974,30,17,2,32,19,2022-04-26
18976,26,23,1,27,24,2022-04-26
19008,34,16,1,35,17,2022-04-26
19009,4,1,1,5,2,2022-04-26
19026,57,37,1,58,38,2022-04-26
19040,21,15,3,24,18,2022-04-26
19041,33,20,2,35,22,2022-04-26
19060,66,53,4,70,57,2022-04-26
19074,11,6,1,12,7,2022-04-26
17565,11,8,1,12,9,2022-04-26
17601,162,115,13,175,128,2022-04-26
17701,24,15,2,26,17,2022-04-26
17844,4,3,1,5,4,2022-04-26
17901,10,7,1,11,8,2022-04-26
18017,22,17,2,24,19,2022-04-26
18042,27,20,3,30,23,2022-04-26
18067,9,6,1,10,7,2022-04-26
18069,10,7,2,12,9,2022-04-26
18103,24,17,2,26,19,2022-04-26
18219,2,1,1,3,2,2022-04-26
18235,7,5,1,8,6,2022-04-26
18301,33,18,2,35,20,2022-04-26
18328,8,5,2,10,7,2022-04-26
18337,9,8,1,10,9,2022-04-26
18344,2,2,1,3,3,2022-04-26
18360,30,22,3,33,25,2022-04-26
18403,7,5,1,8,6,2022-04-26
18428,3,1,2,5,3,2022-04-26
18444,7,6,1,8,7,2022-04-26
18612,16,6,1,17,7,2022-04-26
18853,1,1,1,2,2,2022-04-26
18914,39,34,1,40,35,2022-04-26
18944,21,12,3,24,15,2022-04-26
18964,16,13,2,18,15,2022-04-26
18969,8,8,2,10,10,2022-04-26
19003,41,21,5,46,26,2022-04-26
19014,55,44,3,58,47,2022-04-26
19046,43,21,1,44,22,2022-04-26
19053,37,18,4,41,22,2022-04-26
19055,6,4,1,7,5,2022-04-26
19064,46,39,3,49,42,2022-04-26
19073,59,30,4,63,34,2022-04-26
19078,26,22,1,27,23,2022-04-26
19087,118,74,6,124,80,2022-04-26
19096,67,44,2,69,46,2022-04-26
19103,86,59,6,92,65,2022-04-26
19114,28,13,2,30,15,2022-04-26
19123,49,32,1,50,33,2022-04-26
19128,54,33,4,58,37,2022-04-26
19130,80,41,6,86,47,2022-04-26
19137,1,1,1,2,2,2022-04-26
19139,47,24,2,49,26,2022-04-26
17257,139,108,16,155,124,2022-04-26
17264,6,4,1,7,5,2022-04-26
17268,2170,1727,334,2504,2061,2022-04-26
17307,46,38,1,47,39,2022-04-26
17309,23,19,4,27,23,2022-04-26
17316,56,48,8,64,56,2022-04-26
17325,843,660,98,941,758,2022-04-26
17350,186,154,16,202,170,2022-04-26
17366,71,59,4,75,63,2022-04-26
17368,22,16,5,27,21,2022-04-26
17407,92,80,11,103,91,2022-04-26
17518,8,7,1,9,8,2022-04-26
17532,18,10,3,21,13,2022-04-26
17543,101,77,3,104,80,2022-04-26
17552,25,18,1,26,19,2022-04-26
17557,12,11,3,15,14,2022-04-26
17566,77,52,8,85,60,2022-04-26
17584,37,30,3,40,33,2022-04-26
17602,104,75,7,111,82,2022-04-26
17834,2,1,1,3,2,2022-04-26
18011,2,2,1,3,3,2022-04-26
18034,14,10,1,15,11,2022-04-26
18036,10,9,1,11,10,2022-04-26
18052,13,5,2,15,7,2022-04-26
18202,6,3,1,7,4,2022-04-26
18302,10,8,3,13,11,2022-04-26
18411,21,17,5,26,22,2022-04-26
18445,4,3,1,5,4,2022-04-26
18702,17,10,2,19,12,2022-04-26
18704,14,6,1,15,7,2022-04-26
18902,39,26,3,42,29,2022-04-26
18947,7,5,3,10,8,2022-04-26
18954,15,11,2,17,13,2022-04-26
18972,3,2,1,4,3,2022-04-26
19004,39,21,2,41,23,2022-04-26
19006,28,15,2,30,17,2022-04-26
19013,29,16,3,32,19,2022-04-26
19020,41,29,2,43,31,2022-04-26
19036,19,13,3,22,16,2022-04-26
19146,116,59,5,121,64,2022-04-26
19148,42,25,1,43,26,2022-04-26
19153,13,9,1,14,10,2022-04-26
19312,46,32,2,48,34,2022-04-26
19330,69,48,2,71,50,2022-04-26
19348,297,235,22,319,257,2022-04-26
19355,103,66,5,108,71,2022-04-26
19362,234,165,27,261,192,2022-04-26
19380,202,139,8,210,147,2022-04-26
19382,242,183,8,250,191,2022-04-26
19437,4,1,1,5,2,2022-04-26
19446,90,57,4,94,61,2022-04-26
19462,32,27,1,33,28,2022-04-26
19464,49,26,1,50,27,2022-04-26
19473,29,21,4,33,25,2022-04-26
19530,11,6,1,12,7,2022-04-26
19541,1,1,2,3,3,2022-04-26
19605,12,8,1,13,9,2022-04-26
19607,14,5,4,18,9,2022-04-26
19707,295,219,8,303,227,2022-04-26
19805,226,162,17,243,179,2022-04-26
19807,113,74,7,120,81,2022-04-26
19930,364,243,16,380,259,2022-04-26
19939,570,414,37,607,451,2022-04-26
19941,27,18,2,29,20,2022-04-26
19950,157,119,48,205,167,2022-04-26
19964,33,25,17,50,42,2022-04-26
19966,1027,769,134,1161,903,2022-04-26
19973,1163,913,197,1360,1110,2022-04-26
19975,2267,1503,109,2376,1612,2022-04-26
19980,2,1,1,3,2,2022-04-26
20005,1254,819,140,1394,959,2022-04-26
20007,3656,2325,326,3982,2651,2022-04-26
20009,6128,4125,731,6859,4856,2022-04-26
20014,3,3,1,4,4,2022-04-26
20016,6451,3793,452,6903,4245,2022-04-26
20023,2,1,1,3,2,2022-04-26
20032,4248,2228,210,4458,2438,2022-04-26
20050,1,1,1,2,2,2022-04-26
20057,61,38,7,68,45,2022-04-26
20059,65,37,2,67,39,2022-04-26
20064,22,16,1,23,17,2022-04-26
20109,237,163,18,255,181,2022-04-26
20116,10,7,1,11,8,2022-04-26
20132,157,104,20,177,124,2022-04-26
20141,43,29,4,47,33,2022-04-26
20148,662,439,78,740,517,2022-04-26
20164,382,255,27,409,282,2022-04-26
20166,209,128,13,222,141,2022-04-26
20175,359,232,25,384,257,2022-04-26
20184,8,5,1,9,6,2022-04-26
20191,490,322,29,519,351,2022-04-26
20198,11,6,5,16,11,2022-04-26
20207,13,9,1,14,10,2022-04-26
20216,2,1,1,3,2,2022-04-26
19035,24,17,2,26,19,2022-04-26
19067,104,59,5,109,64,2022-04-26
19082,62,34,4,66,38,2022-04-26
19083,107,75,7,114,82,2022-04-26
19085,25,17,5,30,22,2022-04-26
19102,32,17,1,33,18,2022-04-26
19115,25,12,1,26,13,2022-04-26
19116,23,16,1,24,17,2022-04-26
19118,29,11,1,30,12,2022-04-26
19119,50,29,4,54,33,2022-04-26
19132,30,19,3,33,22,2022-04-26
19133,10,5,1,11,6,2022-04-26
19134,23,16,1,24,17,2022-04-26
19135,12,2,1,13,3,2022-04-26
19152,27,13,1,28,14,2022-04-26
19301,25,17,3,28,20,2022-04-26
19317,84,63,6,90,69,2022-04-26
19333,36,23,2,38,25,2022-04-26
19335,178,140,15,193,155,2022-04-26
19350,385,259,22,407,281,2022-04-26
19351,18,15,1,19,16,2022-04-26
19352,443,306,23,466,329,2022-04-26
19403,71,46,9,80,55,2022-04-26
19468,46,34,3,49,37,2022-04-26
19518,14,9,1,15,10,2022-04-26
19520,10,7,1,11,8,2022-04-26
19567,4,2,1,5,3,2022-04-26
19601,24,17,1,25,18,2022-04-26
19602,3,3,1,4,4,2022-04-26
19701,1383,980,81,1464,1061,2022-04-26
19702,1937,1410,94,2031,1504,2022-04-26
19703,118,78,3,121,81,2022-04-26
19720,515,356,30,545,386,2022-04-26
19734,191,146,16,207,162,2022-04-26
19801,102,72,10,112,82,2022-04-26
19802,123,83,4,127,87,2022-04-26
19803,188,139,11,199,150,2022-04-26
19804,129,105,12,141,117,2022-04-26
19901,265,189,34,299,223,2022-04-26
19904,291,213,26,317,239,2022-04-26
19934,127,94,24,151,118,2022-04-26
19951,39,27,2,41,29,2022-04-26
19952,235,181,35,270,216,2022-04-26
19953,47,36,8,55,44,2022-04-26
19954,16,14,2,18,16,2022-04-26
19968,182,129,18,200,147,2022-04-26
19970,876,558,45,921,603,2022-04-26
19971,407,288,17,424,305,2022-04-26
20001,5148,3380,505,5653,3885,2022-04-26
20002,6910,4454,603,7513,5057,2022-04-26
20003,3391,2184,336,3727,2520,2022-04-26
20004,188,134,13,201,147,2022-04-26
20018,3116,1596,132,3248,1728,2022-04-26
20019,7957,4427,290,8247,4717,2022-04-26
20020,5541,3122,247,5788,3369,2022-04-26
20035,7,5,1,8,6,2022-04-26
20036,717,464,90,807,554,2022-04-26
20037,1059,675,112,1171,787,2022-04-26
20052,56,37,6,62,43,2022-04-26
20105,240,151,23,263,174,2022-04-26
20118,12,10,1,13,11,2022-04-26
20120,448,314,27,475,341,2022-04-26
20121,311,216,18,329,234,2022-04-26
20135,23,17,1,24,18,2022-04-26
20136,153,111,5,158,116,2022-04-26
20137,21,15,2,23,17,2022-04-26
20152,321,209,18,339,227,2022-04-26
20153,3,2,1,4,3,2022-04-26
20155,218,152,13,231,165,2022-04-26
19075,9,6,1,10,7,2022-04-26
19090,23,19,2,25,21,2022-04-26
19107,59,33,2,61,35,2022-04-26
19124,30,18,2,32,20,2022-04-26
19125,55,35,2,57,37,2022-04-26
19127,28,17,2,30,19,2022-04-26
19140,22,13,1,23,14,2022-04-26
19141,36,17,1,37,18,2022-04-26
19143,72,43,3,75,46,2022-04-26
19144,62,31,1,63,32,2022-04-26
19310,20,17,3,23,20,2022-04-26
19311,176,129,8,184,137,2022-04-26
19341,66,42,2,68,44,2022-04-26
19342,84,56,2,86,58,2022-04-26
19343,22,15,3,25,18,2022-04-26
19425,59,33,3,62,36,2022-04-26
19426,83,56,6,89,62,2022-04-26
19428,43,25,7,50,32,2022-04-26
19444,25,16,1,26,17,2022-04-26
19460,77,57,2,79,59,2022-04-26
19475,20,13,2,22,15,2022-04-26
19508,14,10,2,16,12,2022-04-26
19526,10,4,3,13,7,2022-04-26
19543,11,6,1,12,7,2022-04-26
19608,36,20,3,39,23,2022-04-26
19610,28,15,1,29,16,2022-04-26
19709,1235,923,60,1295,983,2022-04-26
19711,1167,805,64,1231,869,2022-04-26
19809,105,73,6,111,79,2022-04-26
19810,177,131,9,186,140,2022-04-26
19943,152,110,22,174,132,2022-04-26
19944,144,74,11,155,85,2022-04-26
19945,781,553,64,845,617,2022-04-26
19946,32,23,6,38,29,2022-04-26
19960,62,51,6,68,57,2022-04-26
19962,105,85,7,112,92,2022-04-26
19963,184,135,13,197,148,2022-04-26
19977,242,168,20,262,188,2022-04-26
20010,3928,2624,326,4254,2950,2022-04-26
20011,10695,6053,596,11291,6649,2022-04-26
20012,4152,2129,166,4318,2295,2022-04-26
20013,42,24,1,43,25,2022-04-26
20026,9,5,1,10,6,2022-04-26
20027,12,9,2,14,11,2022-04-26
20029,8,5,1,9,6,2022-04-26
20044,18,14,1,19,15,2022-04-26
20060,13,10,1,14,11,2022-04-26
20110,240,162,11,251,173,2022-04-26
20111,251,168,16,267,184,2022-04-26
20112,164,109,14,178,123,2022-04-26
20143,24,17,1,25,18,2022-04-26
20144,22,17,2,24,19,2022-04-26
20177,8,8,1,9,9,2022-04-26
20180,755,379,72,827,451,2022-04-26
20194,226,133,19,245,152,2022-04-26
20197,58,27,9,67,36,2022-04-26
19038,72,47,4,76,51,2022-04-26
19056,5,3,3,8,6,2022-04-26
19061,42,31,3,45,34,2022-04-26
19063,117,76,5,122,81,2022-04-26
19072,37,19,1,38,20,2022-04-26
19079,7,7,1,8,8,2022-04-26
19081,38,24,3,41,27,2022-04-26
19104,175,108,7,182,115,2022-04-26
19106,40,20,2,42,22,2022-04-26
19111,49,25,1,50,26,2022-04-26
19120,35,23,4,39,27,2022-04-26
19136,17,7,2,19,9,2022-04-26
19145,37,20,2,39,22,2022-04-26
19147,97,60,3,100,63,2022-04-26
19154,9,7,1,10,8,2022-04-26
19320,130,89,9,139,98,2022-04-26
19363,462,320,54,516,374,2022-04-26
19365,20,19,1,21,20,2022-04-26
19390,246,196,23,269,219,2022-04-26
19422,46,26,2,48,28,2022-04-26
19438,36,23,2,38,25,2022-04-26
19440,28,18,1,29,19,2022-04-26
19454,57,37,3,60,40,2022-04-26
19465,27,17,3,30,20,2022-04-26
19504,5,4,1,6,5,2022-04-26
19522,11,7,1,12,8,2022-04-26
19547,2,1,2,4,3,2022-04-26
19565,3,2,1,4,3,2022-04-26
19604,12,6,2,14,8,2022-04-26
19606,38,24,4,42,28,2022-04-26
19706,28,20,2,30,22,2022-04-26
19713,686,479,49,735,528,2022-04-26
19806,153,102,9,162,111,2022-04-26
19808,468,359,24,492,383,2022-04-26
19931,20,14,4,24,18,2022-04-26
19933,325,237,50,375,287,2022-04-26
19938,105,86,19,124,105,2022-04-26
19940,1683,1294,156,1839,1450,2022-04-26
19947,288,229,48,336,277,2022-04-26
19956,1226,946,155,1381,1101,2022-04-26
19958,531,373,24,555,397,2022-04-26
19967,217,141,8,225,149,2022-04-26
20006,133,79,12,145,91,2022-04-26
20008,5165,3385,448,5613,3833,2022-04-26
20015,4995,3095,236,5231,3331,2022-04-26
20017,3408,1714,162,3570,1876,2022-04-26
20024,1383,905,130,1513,1035,2022-04-26
20040,12,7,1,13,8,2022-04-26
20090,40,26,1,41,27,2022-04-26
20106,22,19,4,26,23,2022-04-26
20108,3,1,1,4,2,2022-04-26
20115,27,19,4,31,23,2022-04-26
20117,24,17,1,25,18,2022-04-26
20122,12,10,1,13,11,2022-04-26
20124,160,121,9,169,130,2022-04-26
20147,663,421,53,716,474,2022-04-26
20151,202,138,26,228,164,2022-04-26
20158,26,15,1,27,16,2022-04-26
20165,425,298,32,457,330,2022-04-26
20174,4,4,1,5,5,2022-04-26
20169,143,98,12,155,110,2022-04-26
20170,497,343,33,530,376,2022-04-26
20171,739,503,55,794,558,2022-04-26
20186,59,36,11,70,47,2022-04-26
20187,78,51,3,81,54,2022-04-26
20202,9,8,1,10,9,2022-04-26
20205,1,1,1,2,2,2022-04-26
20218,2,2,1,3,3,2022-04-26
20220,8,6,1,9,7,2022-04-26
20588,14,13,2,16,15,2022-04-26
20359,1,1,1,2,2,2022-04-26
20176,666,420,49,715,469,2022-04-26
20181,31,19,4,35,23,2022-04-26
20190,429,304,35,464,339,2022-04-26
20201,14,14,1,15,15,2022-04-26
20206,6,6,2,8,8,2022-04-26
20224,3,2,1,4,3,2022-04-26
20376,1,1,1,2,2,2022-04-26
20433,8,4,1,9,5,2022-04-26
20560,6,6,1,7,7,2022-04-26
20212,7,4,2,9,6,2022-04-26
20412,1,1,1,2,2,2022-04-26
20413,1,1,1,2,2,2022-04-26
22025,119,84,7,126,91,2022-04-26
22026,176,100,12,188,112,2022-04-26
22027,63,44,1,64,45,2022-04-26
22041,505,319,42,547,361,2022-04-26
22042,721,503,45,766,548,2022-04-26
22043,672,476,42,714,518,2022-04-26
22060,67,36,4,71,40,2022-04-26
22124,327,212,19,346,231,2022-04-26
22191,687,441,44,731,485,2022-04-26
22192,529,336,48,577,384,2022-04-26
22193,625,432,30,655,462,2022-04-26
22194,4,1,1,5,2,2022-04-26
22207,1067,691,81,1148,772,2022-04-26
22209,854,572,72,926,644,2022-04-26
22307,370,208,14,384,222,2022-04-26
22308,362,214,18,380,232,2022-04-26
22309,694,453,40,734,493,2022-04-26
22310,744,494,52,796,546,2022-04-26
22311,537,371,30,567,401,2022-04-26
21945,1,1,1,2,2,2022-04-26
22031,799,597,48,847,645,2022-04-26
22079,480,343,31,511,374,2022-04-26
22106,4,3,1,5,4,2022-04-26
22122,6,5,1,7,6,2022-04-26
22172,71,49,9,80,58,2022-04-26
22181,298,209,7,305,216,2022-04-26
22195,7,6,1,8,7,2022-04-26
22204,1361,935,107,1468,1042,2022-04-26
22206,706,486,53,759,539,2022-04-26
22211,7,6,1,8,7,2022-04-26
22213,110,73,2,112,75,2022-04-26
22222,2,2,2,4,4,2022-04-26
22304,1462,979,87,1549,1066,2022-04-26
22306,837,536,57,894,593,2022-04-26
22315,620,418,35,655,453,2022-04-26
22406,108,73,13,121,86,2022-04-26
22554,360,223,16,376,239,2022-04-26
22556,141,91,10,151,101,2022-04-26
22572,16,12,3,19,15,2022-04-26
22624,9,8,2,11,10,2022-04-26
22656,30,19,5,35,24,2022-04-26
22663,9,5,1,10,6,2022-04-26
22747,4,3,1,5,4,2022-04-26
22015,616,424,40,656,464,2022-04-26
22032,457,327,33,490,360,2022-04-26
22033,561,391,35,596,426,2022-04-26
22035,3,2,1,4,3,2022-04-26
22066,545,369,27,572,396,2022-04-26
22068,1,1,1,2,2,2022-04-26
22101,1376,880,71,1447,951,2022-04-26
22102,1120,771,58,1178,829,2022-04-26
22134,19,5,1,20,6,2022-04-26
22150,523,366,31,554,397,2022-04-26
22151,298,196,15,313,211,2022-04-26
22152,467,320,27,494,347,2022-04-26
22182,833,597,45,878,642,2022-04-26
22199,6,5,1,7,6,2022-04-26
22201,1686,1159,154,1840,1313,2022-04-26
22202,1249,855,88,1337,943,2022-04-26
22301,516,341,27,543,368,2022-04-26
22302,638,427,48,686,475,2022-04-26
22401,115,74,5,120,79,2022-04-26
22485,512,413,35,547,448,2022-04-26
22503,16,12,1,17,13,2022-04-26
22520,57,43,8,65,51,2022-04-26
22551,38,27,4,42,31,2022-04-26
22553,48,34,2,50,36,2022-04-26
22567,4,4,1,5,5,2022-04-26
22601,134,75,8,142,83,2022-04-26
22602,124,89,13,137,102,2022-04-26
22603,55,44,10,65,54,2022-04-26
22620,15,8,3,18,11,2022-04-26
22701,83,60,3,86,63,2022-04-26
22736,2,2,1,3,3,2022-04-26
22801,110,74,5,115,79,2022-04-26
22802,42,29,2,44,31,2022-04-26
22835,20,14,1,21,15,2022-04-26
22851,4,3,1,5,4,2022-04-26
22853,1,1,1,2,2,2022-04-26
22901,93,57,4,97,61,2022-04-26
22902,66,41,5,71,46,2022-04-26
22903,144,89,12,156,101,2022-04-26
22904,12,6,1,13,7,2022-04-26
22936,15,8,1,16,9,2022-04-26
22003,973,667,52,1025,719,2022-04-26
22030,811,571,55,866,626,2022-04-26
22039,236,167,22,258,189,2022-04-26
22044,295,194,16,311,210,2022-04-26
22046,423,281,39,462,320,2022-04-26
22103,1,1,2,3,3,2022-04-26
22121,2,2,1,3,3,2022-04-26
22153,431,294,32,463,326,2022-04-26
22180,586,402,41,627,443,2022-04-26
22203,860,594,86,946,680,2022-04-26
22205,442,301,32,474,333,2022-04-26
22303,721,448,56,777,504,2022-04-26
22305,492,318,27,519,345,2022-04-26
22312,785,530,41,826,571,2022-04-26
22314,1633,1032,84,1717,1116,2022-04-26
22405,112,78,10,122,88,2022-04-26
22407,232,134,10,242,144,2022-04-26
22448,28,13,4,32,17,2022-04-26
22473,39,24,9,48,33,2022-04-26
22480,5,3,1,6,4,2022-04-26
22546,49,28,5,54,33,2022-04-26
22824,5,2,2,7,4,2022-04-26
22840,5,4,2,7,6,2022-04-26
22942,9,5,1,10,6,2022-04-26
22947,14,11,1,15,12,2022-04-26
22958,2,2,1,3,3,2022-04-26
22963,17,8,1,18,9,2022-04-26
23024,12,6,1,13,7,2022-04-26
23072,11,5,2,13,7,2022-04-26
23117,47,35,4,51,39,2022-04-26
23140,5,3,1,6,4,2022-04-26
23181,5,3,4,9,7,2022-04-26
23192,9,5,2,11,7,2022-04-26
23224,53,38,3,56,41,2022-04-26
23226,23,15,3,26,18,2022-04-26
23231,38,24,5,43,29,2022-04-26
23233,99,49,3,102,52,2022-04-26
23301,49,31,4,53,35,2022-04-26
23306,5,3,2,7,5,2022-04-26
23308,81,57,9,90,66,2022-04-26
23324,19,14,1,20,15,2022-04-26
23356,560,318,42,602,360,2022-04-26
23415,303,222,28,331,250,2022-04-26
23417,87,55,12,99,67,2022-04-26
23426,21,17,2,23,19,2022-04-26
23440,77,49,11,88,60,2022-04-26
23442,132,97,14,146,111,2022-04-26
23451,88,60,4,92,64,2022-04-26
23456,71,38,3,74,41,2022-04-26
23483,17,10,2,19,12,2022-04-26
23517,5,4,1,6,5,2022-04-26
23601,21,13,1,22,14,2022-04-26
23608,41,27,1,42,28,2022-04-26
23669,65,38,2,67,40,2022-04-26
23692,15,6,2,17,8,2022-04-26
23701,32,14,1,33,15,2022-04-26
23824,6,3,3,9,6,2022-04-26
23901,14,9,2,16,11,2022-04-26
23924,6,4,1,7,5,2022-04-26
23944,6,4,1,7,5,2022-04-26
24017,17,11,1,18,12,2022-04-26
24060,156,77,4,160,81,2022-04-26
24067,2,2,1,3,3,2022-04-26
24153,19,13,1,20,14,2022-04-26
24201,6,4,1,7,5,2022-04-26
24401,46,28,1,47,29,2022-04-26
24501,31,20,1,32,21,2022-04-26
24503,22,9,3,25,12,2022-04-26
24521,9,7,1,10,8,2022-04-26
24551,29,18,1,30,19,2022-04-26
24637,1,1,1,2,2,2022-04-26
25271,2,1,1,3,2,2022-04-26
25403,763,526,69,832,595,2022-04-26
25405,356,253,38,394,291,2022-04-26
25412,1,1,1,2,2,2022-04-26
25414,726,557,46,772,603,2022-04-26
25423,2,2,1,3,3,2022-04-26
25430,214,152,20,234,172,2022-04-26
25446,16,13,1,17,14,2022-04-26
26425,20,9,2,22,11,2022-04-26
26525,102,61,6,108,67,2022-04-26
26541,7,5,1,8,6,2022-04-26
26716,120,87,6,126,93,2022-04-26
26743,36,22,5,41,27,2022-04-26
26750,38,27,4,42,31,2022-04-26
26757,62,41,6,68,47,2022-04-26
26818,2,1,1,3,2,2022-04-26
22408,113,77,8,121,85,2022-04-26
22443,256,199,21,277,220,2022-04-26
22476,2,2,2,4,4,2022-04-26
22508,44,29,4,48,33,2022-04-26
22560,18,11,1,19,12,2022-04-26
22576,8,5,1,9,6,2022-04-26
22611,39,34,5,44,39,2022-04-26
22625,21,14,7,28,21,2022-04-26
22642,12,7,1,13,8,2022-04-26
22712,26,22,1,27,23,2022-04-26
22727,9,7,1,10,8,2022-04-26
22810,4,2,1,5,3,2022-04-26
22812,9,6,2,11,8,2022-04-26
22911,41,22,1,42,23,2022-04-26
22960,8,6,1,9,7,2022-04-26
23009,4,1,1,5,2,2022-04-26
23060,55,38,5,60,43,2022-04-26
23061,15,11,6,21,17,2022-04-26
23063,2,1,1,3,2,2022-04-26
23093,24,16,2,26,18,2022-04-26
23112,66,40,6,72,46,2022-04-26
23113,45,31,2,47,33,2022-04-26
23146,2,2,1,3,3,2022-04-26
23227,26,18,2,28,20,2022-04-26
23228,39,26,3,42,29,2022-04-26
23229,43,27,2,45,29,2022-04-26
23294,34,21,1,35,22,2022-04-26
23310,14,5,2,16,7,2022-04-26
23345,1,1,1,2,2,2022-04-26
23395,153,113,28,181,141,2022-04-26
23410,36,30,3,39,33,2022-04-26
23413,16,7,12,28,19,2022-04-26
23414,17,11,3,20,14,2022-04-26
23427,22,12,1,23,13,2022-04-26
23430,11,5,1,12,6,2022-04-26
23462,79,44,3,82,47,2022-04-26
23464,69,43,7,76,50,2022-04-26
23480,10,6,1,11,7,2022-04-26
23513,25,17,4,29,21,2022-04-26
23663,11,4,2,13,6,2022-04-26
23664,15,9,2,17,11,2022-04-26
23831,43,32,3,46,35,2022-04-26
23847,13,10,2,15,12,2022-04-26
23930,5,3,1,6,4,2022-04-26
24012,16,10,1,17,11,2022-04-26
24013,4,2,1,5,3,2022-04-26
24014,19,10,1,20,11,2022-04-26
24015,12,9,1,13,10,2022-04-26
24333,2,2,1,3,3,2022-04-26
24450,33,21,3,36,24,2022-04-26
24599,1,1,2,3,3,2022-04-26
24901,8,4,1,9,5,2022-04-26
25401,419,300,35,454,335,2022-04-26
25402,12,8,3,15,11,2022-04-26
25419,1863,1327,201,2064,1528,2022-04-26
25434,58,25,7,65,32,2022-04-26
25701,14,5,1,15,6,2022-04-26
25703,4,2,1,5,3,2022-04-26
25801,24,16,2,26,18,2022-04-26
26003,13,7,1,14,8,2022-04-26
26201,13,4,1,14,5,2022-04-26
26287,23,13,2,25,15,2022-04-26
26354,11,10,2,13,12,2022-04-26
26452,3,1,1,4,2,2022-04-26
22630,164,51,11,175,62,2022-04-26
22655,68,44,12,80,56,2022-04-26
22657,23,13,2,25,15,2022-04-26
22664,12,6,1,13,7,2022-04-26
22923,8,7,2,10,9,2022-04-26
22932,11,8,1,12,9,2022-04-26
23005,11,5,2,13,7,2022-04-26
23059,89,49,3,92,52,2022-04-26
23075,14,9,1,15,10,2022-04-26
23114,26,18,1,27,19,2022-04-26
23116,57,33,2,59,35,2022-04-26
23139,15,11,4,19,15,2022-04-26
23150,11,6,1,12,7,2022-04-26
23223,102,57,7,109,64,2022-04-26
23225,68,36,3,71,39,2022-04-26
23234,67,48,3,70,51,2022-04-26
23323,38,22,2,40,24,2022-04-26
23325,17,10,1,18,11,2022-04-26
23350,32,13,1,33,14,2022-04-26
23357,15,11,1,16,12,2022-04-26
23359,69,46,5,74,51,2022-04-26
23407,39,20,3,42,23,2022-04-26
23416,62,37,5,67,42,2022-04-26
23418,30,23,1,31,24,2022-04-26
23434,46,27,2,48,29,2022-04-26
23441,17,10,1,18,11,2022-04-26
23507,9,4,1,10,5,2022-04-26
23509,17,10,1,18,11,2022-04-26
23518,36,19,7,43,26,2022-04-26
23602,41,23,4,45,27,2022-04-26
23666,115,66,5,120,71,2022-04-26
23668,16,12,1,17,13,2022-04-26
23707,7,4,2,9,6,2022-04-26
23832,47,24,5,52,29,2022-04-26
23834,14,9,1,15,10,2022-04-26
23927,7,4,1,8,5,2022-04-26
24018,46,32,1,47,33,2022-04-26
24175,2,1,1,3,2,2022-04-26
24477,7,7,2,9,9,2022-04-26
24502,48,25,5,53,30,2022-04-26
24563,2,2,1,3,3,2022-04-26
24586,7,6,4,11,10,2022-04-26
24870,1,1,1,2,2,2022-04-26
25245,1,1,1,2,2,2022-04-26
25404,927,667,97,1024,764,2022-04-26
25413,98,64,16,114,80,2022-04-26
25420,66,48,12,78,60,2022-04-26
25422,83,36,9,92,45,2022-04-26
25431,8,5,3,11,8,2022-04-26
25438,229,168,28,257,196,2022-04-26
26292,39,17,1,40,18,2022-04-26
26301,29,17,3,32,20,2022-04-26
26501,97,75,1,98,76,2022-04-26
23086,1,1,1,2,2,2022-04-26
23103,4,3,2,6,5,2022-04-26
23120,17,7,1,18,8,2022-04-26
23185,75,44,5,80,49,2022-04-26
23188,77,44,4,81,48,2022-04-26
23219,25,14,2,27,16,2022-04-26
23220,103,60,8,111,68,2022-04-26
23235,39,27,3,42,30,2022-04-26
23236,27,15,3,30,18,2022-04-26
23237,21,10,1,22,11,2022-04-26
23238,43,29,4,47,33,2022-04-26
23302,31,19,3,34,22,2022-04-26
23303,132,72,16,148,88,2022-04-26
23320,74,38,2,76,40,2022-04-26
23321,61,39,3,64,42,2022-04-26
23322,58,24,5,63,29,2022-04-26
23336,467,273,53,520,326,2022-04-26
23337,61,37,10,71,47,2022-04-26
23389,4,3,1,5,4,2022-04-26
23420,29,19,2,31,21,2022-04-26
23421,162,108,8,170,116,2022-04-26
23452,67,38,15,82,53,2022-04-26
23453,39,28,3,42,31,2022-04-26
23454,95,50,4,99,54,2022-04-26
23455,47,25,4,51,29,2022-04-26
23488,41,34,2,43,36,2022-04-26
23502,26,19,4,30,23,2022-04-26
23503,28,13,2,30,15,2022-04-26
23605,13,8,2,15,10,2022-04-26
23606,29,19,3,32,22,2022-04-26
23803,54,37,3,57,40,2022-04-26
23805,30,19,1,31,20,2022-04-26
23838,19,17,1,20,18,2022-04-26
24055,3,2,1,4,3,2022-04-26
24073,27,19,2,29,21,2022-04-26
24104,2,2,1,3,3,2022-04-26
24141,19,9,4,23,13,2022-04-26
24375,1,1,1,2,2,2022-04-26
24557,6,3,1,7,4,2022-04-26
24558,14,6,1,15,7,2022-04-26
24572,6,6,1,7,7,2022-04-26
24589,2,2,1,3,3,2022-04-26
24592,7,4,1,8,5,2022-04-26
24740,11,9,2,13,11,2022-04-26
24925,1,1,1,2,2,2022-04-26
25411,557,327,47,604,374,2022-04-26
25425,774,590,69,843,659,2022-04-26
25427,745,492,91,836,583,2022-04-26
25428,211,152,22,233,174,2022-04-26
25442,94,63,7,101,70,2022-04-26
25443,561,313,28,589,341,2022-04-26
25444,11,7,1,12,8,2022-04-26
26062,4,3,1,5,4,2022-04-26
26260,96,44,4,100,48,2022-04-26
26378,2,2,1,3,3,2022-04-26
26444,14,11,1,15,12,2022-04-26
26711,7,6,1,8,7,2022-04-26
26763,99,61,6,105,67,2022-04-26
26764,553,362,19,572,381,2022-04-26
26847,13,7,3,16,10,2022-04-26
27012,14,8,1,15,9,2022-04-26
27265,32,18,1,33,19,2022-04-26
27282,10,5,1,11,6,2022-04-26
27332,8,5,2,10,7,2022-04-26
26508,195,167,3,198,170,2022-04-26
26717,72,42,1,73,43,2022-04-26
26719,432,306,40,472,346,2022-04-26
26726,707,484,60,767,544,2022-04-26
26767,164,96,15,179,111,2022-04-26
26851,6,4,2,8,6,2022-04-26
27101,16,8,3,19,11,2022-04-26
27262,9,4,1,10,5,2022-04-26
27278,13,9,2,15,11,2022-04-26
27292,6,2,1,7,3,2022-04-26
27301,8,5,2,10,7,2022-04-26
27401,14,9,1,15,10,2022-04-26
27403,11,9,1,12,10,2022-04-26
27410,47,31,4,51,35,2022-04-26
27510,33,20,1,34,21,2022-04-26
27519,93,50,5,98,55,2022-04-26
27537,3,3,1,4,4,2022-04-26
27560,50,30,2,52,32,2022-04-26
27571,5,2,1,6,3,2022-04-26
27587,46,26,1,47,27,2022-04-26
27603,30,13,2,32,15,2022-04-26
27610,36,22,2,38,24,2022-04-26
27612,22,12,3,25,15,2022-04-26
27703,71,40,4,75,44,2022-04-26
27705,58,29,7,65,36,2022-04-26
27812,3,1,1,4,2,2022-04-26
27880,2,1,1,3,2,2022-04-26
27944,6,3,1,7,4,2022-04-26
28012,7,6,2,9,8,2022-04-26
28037,5,2,1,6,3,2022-04-26
26505,186,147,7,193,154,2022-04-26
26519,15,10,1,16,11,2022-04-26
26537,26,17,1,27,18,2022-04-26
26554,74,56,4,78,60,2022-04-26
26704,28,19,5,33,24,2022-04-26
26705,222,141,2,224,143,2022-04-26
26720,42,26,1,43,27,2022-04-26
26722,45,27,5,50,32,2022-04-26
26739,74,40,6,80,46,2022-04-26
26753,1483,946,117,1600,1063,2022-04-26
27104,25,19,3,28,22,2022-04-26
27105,22,8,1,23,9,2022-04-26
27106,25,11,1,26,12,2022-04-26
27107,9,7,3,12,10,2022-04-26
27258,2,1,1,3,2,2022-04-26
27405,31,17,2,33,19,2022-04-26
27407,35,18,3,38,21,2022-04-26
27455,13,9,1,14,10,2022-04-26
27522,7,5,1,8,6,2022-04-26
27525,9,2,2,11,4,2022-04-26
27540,30,16,2,32,18,2022-04-26
27591,5,5,1,6,6,2022-04-26
27606,55,25,3,58,28,2022-04-26
27607,22,16,3,25,19,2022-04-26
27707,81,47,5,86,52,2022-04-26
27858,24,15,3,27,18,2022-04-26
27889,5,3,1,6,4,2022-04-26
27892,4,3,1,5,4,2022-04-26
27893,20,11,2,22,13,2022-04-26
27958,4,1,1,5,2,2022-04-26
28025,14,5,1,15,6,2022-04-26
27043,2,1,1,3,2,2022-04-26
27284,15,10,2,17,12,2022-04-26
27302,15,8,2,17,10,2022-04-26
27409,20,15,1,21,16,2022-04-26
27502,36,20,2,38,22,2022-04-26
27504,2,1,2,4,3,2022-04-26
27511,17,6,4,21,10,2022-04-26
27520,22,13,1,23,14,2022-04-26
27534,16,7,1,17,8,2022-04-26
27545,9,5,2,11,7,2022-04-26
27609,22,9,1,23,10,2022-04-26
27613,45,22,3,48,25,2022-04-26
27713,107,54,1,108,55,2022-04-26
27870,13,10,2,15,12,2022-04-26
27927,8,2,1,9,3,2022-04-26
28027,28,13,2,30,15,2022-04-26
28036,11,5,3,14,8,2022-04-26
28054,17,7,2,19,9,2022-04-26
28056,8,3,1,9,4,2022-04-26
28077,2,1,2,4,3,2022-04-26
28081,8,4,2,10,6,2022-04-26
28104,21,12,2,23,14,2022-04-26
28120,6,1,1,7,2,2022-04-26
28211,11,6,3,14,9,2022-04-26
28270,25,14,1,26,15,2022-04-26
28304,22,6,2,24,8,2022-04-26
28311,33,20,4,37,24,2022-04-26
28320,2,2,1,3,3,2022-04-26
28345,4,1,1,5,2,2022-04-26
28390,12,6,3,15,9,2022-04-26
28445,5,1,1,6,2,2022-04-26
27513,50,29,3,53,32,2022-04-26
27514,55,34,5,60,39,2022-04-26
27516,58,29,1,59,30,2022-04-26
27517,40,17,3,43,20,2022-04-26
27530,14,9,1,15,10,2022-04-26
27583,1,1,1,2,2,2022-04-26
27597,7,2,1,8,3,2022-04-26
27615,28,17,2,30,19,2022-04-26
27616,40,28,4,44,32,2022-04-26
27834,17,9,2,19,11,2022-04-26
27932,10,5,1,11,6,2022-04-26
27948,17,12,3,20,15,2022-04-26
28117,29,13,1,30,14,2022-04-26
28134,7,4,3,10,7,2022-04-26
28202,20,9,1,21,10,2022-04-26
28215,21,14,1,22,15,2022-04-26
28216,36,24,1,37,25,2022-04-26
28217,22,11,1,23,12,2022-04-26
28269,53,29,2,55,31,2022-04-26
28334,2,1,1,3,2,2022-04-26
28451,29,15,1,30,16,2022-04-26
28467,14,9,1,15,10,2022-04-26
28469,8,4,1,9,5,2022-04-26
28501,5,4,1,6,5,2022-04-26
28584,5,4,2,7,6,2022-04-26
28601,9,8,1,10,9,2022-04-26
28787,7,4,1,8,5,2022-04-26
28078,40,21,3,43,24,2022-04-26
28105,23,10,1,24,11,2022-04-26
28205,27,12,2,29,14,2022-04-26
28212,28,21,2,30,23,2022-04-26
28262,25,15,3,28,18,2022-04-26
28278,21,10,2,23,12,2022-04-26
28314,57,28,1,58,29,2022-04-26
28348,18,13,2,20,15,2022-04-26
28364,1,1,1,2,2,2022-04-26
28403,46,27,1,47,28,2022-04-26
28405,24,15,1,25,16,2022-04-26
28412,23,15,2,25,17,2022-04-26
28532,18,15,3,21,18,2022-04-26
28539,11,3,1,12,4,2022-04-26
28546,30,13,5,35,18,2022-04-26
28555,2,2,1,3,3,2022-04-26
28562,26,16,1,27,17,2022-04-26
28607,10,2,2,12,4,2022-04-26
28748,1,1,1,2,2,2022-04-26
29150,18,13,1,19,14,2022-04-26
29180,5,3,1,6,4,2022-04-26
29223,29,20,4,33,24,2022-04-26
29316,8,5,2,10,7,2022-04-26
29414,27,15,3,30,18,2022-04-26
29418,12,6,1,13,7,2022-04-26
28043,2,2,1,3,3,2022-04-26
28110,11,10,1,12,11,2022-04-26
28209,4,3,1,5,4,2022-04-26
28226,19,6,2,21,8,2022-04-26
28227,23,16,2,25,18,2022-04-26
28277,57,31,2,59,33,2022-04-26
28307,2,2,1,3,3,2022-04-26
28326,19,12,1,20,13,2022-04-26
28409,14,11,1,15,12,2022-04-26
28411,17,10,1,18,11,2022-04-26
28425,2,1,1,3,2,2022-04-26
28443,21,9,1,22,10,2022-04-26
28460,11,9,1,12,10,2022-04-26
28461,26,12,2,28,14,2022-04-26
28645,3,2,1,4,3,2022-04-26
28658,2,1,1,3,2,2022-04-26
28761,1,1,1,2,2,2022-04-26
29045,11,8,1,12,9,2022-04-26
29061,8,4,1,9,5,2022-04-26
29127,3,1,1,4,2,2022-04-26
29210,19,12,1,20,13,2022-04-26
29229,46,29,3,49,32,2022-04-26
29412,12,6,2,14,8,2022-04-26
29464,35,19,1,36,20,2022-04-26
29527,15,6,1,16,7,2022-04-26
29577,45,29,1,46,30,2022-04-26
29579,36,21,3,39,24,2022-04-26
29611,8,3,1,9,4,2022-04-26
29630,11,7,1,12,8,2022-04-26
29645,1,1,1,2,2,2022-04-26
29662,5,2,1,6,3,2022-04-26
29678,6,3,2,8,5,2022-04-26
29730,10,8,3,13,11,2022-04-26
29829,4,3,1,5,4,2022-04-26
29945,4,3,1,5,4,2022-04-26
30030,27,16,2,29,18,2022-04-26
30032,23,14,4,27,18,2022-04-26
30045,14,6,4,18,10,2022-04-26
30046,10,4,3,13,7,2022-04-26
30062,27,12,1,28,13,2022-04-26
30064,17,9,1,18,10,2022-04-26
30080,25,11,2,27,13,2022-04-26
30096,41,27,5,46,32,2022-04-26
30097,15,11,1,16,12,2022-04-26
30114,13,9,2,15,11,2022-04-26
30165,6,2,1,7,3,2022-04-26
30180,12,7,2,14,9,2022-04-26
30213,24,14,1,25,15,2022-04-26
30215,9,5,1,10,6,2022-04-26
30248,8,4,2,10,6,2022-04-26
30281,26,12,1,27,13,2022-04-26
30313,5,4,1,6,5,2022-04-26
30315,16,7,1,17,8,2022-04-26
30316,26,14,1,27,15,2022-04-26
30329,39,19,4,43,23,2022-04-26
30331,34,14,1,35,15,2022-04-26
30349,42,29,1,43,30,2022-04-26
30548,4,2,1,5,3,2022-04-26
28570,6,4,1,7,5,2022-04-26
28574,9,6,1,10,7,2022-04-26
28613,3,3,1,4,4,2022-04-26
28704,12,8,1,13,9,2022-04-26
29063,10,4,2,12,6,2022-04-26
29072,18,11,1,19,12,2022-04-26
29306,4,1,1,5,2,2022-04-26
29440,7,5,1,8,6,2022-04-26
29483,19,11,3,22,14,2022-04-26
29492,11,2,2,13,4,2022-04-26
29501,25,17,1,26,18,2022-04-26
29526,33,16,3,36,19,2022-04-26
29556,6,5,1,7,6,2022-04-26
29574,3,2,1,4,3,2022-04-26
29576,32,24,5,37,29,2022-04-26
29585,19,13,2,21,15,2022-04-26
29651,11,5,5,16,10,2022-04-26
29676,2,1,1,3,2,2022-04-26
29690,3,2,3,6,5,2022-04-26
29715,11,5,1,12,6,2022-04-26
28803,14,5,1,15,6,2022-04-26
29020,5,3,1,6,4,2022-04-26
29101,NA,1,1,NA,2,2022-04-26
29118,7,4,1,8,5,2022-04-26
29169,7,4,1,8,5,2022-04-26
29201,20,7,2,22,9,2022-04-26
29203,12,7,2,14,9,2022-04-26
29204,8,5,2,10,7,2022-04-26
29403,26,14,2,28,16,2022-04-26
29405,6,4,1,7,5,2022-04-26
29420,11,6,1,12,7,2022-04-26
29439,3,1,2,5,3,2022-04-26
29455,25,12,1,26,13,2022-04-26
29485,24,13,3,27,16,2022-04-26
29505,4,3,1,5,4,2022-04-26
29572,20,13,1,21,14,2022-04-26
29588,20,10,3,23,13,2022-04-26
29605,5,3,1,6,4,2022-04-26
29687,9,4,3,12,7,2022-04-26
29803,16,9,1,17,10,2022-04-26
29906,13,9,1,14,10,2022-04-26
30005,22,12,2,24,14,2022-04-26
30021,13,8,1,14,9,2022-04-26
30022,39,21,2,41,23,2022-04-26
30038,19,8,1,20,9,2022-04-26
30040,11,5,1,12,6,2022-04-26
30054,2,2,1,3,3,2022-04-26
30087,20,11,1,21,12,2022-04-26
29466,35,19,3,38,22,2022-04-26
29550,10,7,1,11,8,2022-04-26
29566,20,13,2,22,15,2022-04-26
29582,24,13,2,26,15,2022-04-26
29607,15,7,3,18,10,2022-04-26
29609,10,8,1,11,9,2022-04-26
29650,14,9,1,15,10,2022-04-26
29673,5,3,1,6,4,2022-04-26
29707,20,8,1,21,9,2022-04-26
29902,8,3,1,9,4,2022-04-26
29909,26,13,1,27,14,2022-04-26
30016,20,8,2,22,10,2022-04-26
30041,16,7,1,17,8,2022-04-26
30043,40,19,2,42,21,2022-04-26
30052,28,13,1,29,14,2022-04-26
30084,28,13,2,30,15,2022-04-26
30093,13,8,1,14,9,2022-04-26
30102,9,3,1,10,4,2022-04-26
30127,41,22,3,44,25,2022-04-26
30143,4,3,2,6,5,2022-04-26
30277,3,1,1,4,2,2022-04-26
30309,42,23,2,44,25,2022-04-26
30311,12,8,1,13,9,2022-04-26
30318,43,23,4,47,27,2022-04-26
30345,23,15,1,24,16,2022-04-26
30350,22,10,2,24,12,2022-04-26
30461,4,1,1,5,2,2022-04-26
30518,12,5,3,15,8,2022-04-26
30534,6,3,1,7,4,2022-04-26
30750,4,1,1,5,2,2022-04-26
31315,7,3,1,8,4,2022-04-26
31401,19,10,2,21,12,2022-04-26
31419,18,11,1,19,12,2022-04-26
32003,17,11,1,18,12,2022-04-26
32034,36,14,1,37,15,2022-04-26
32084,25,10,4,29,14,2022-04-26
32118,9,6,2,11,8,2022-04-26
32119,9,6,1,10,7,2022-04-26
32136,6,3,2,8,5,2022-04-26
32137,31,18,2,33,20,2022-04-26
32168,11,7,1,12,8,2022-04-26
32218,22,11,2,24,13,2022-04-26
32219,2,2,1,3,3,2022-04-26
32254,3,2,1,4,3,2022-04-26
32303,24,14,3,27,17,2022-04-26
32304,34,21,2,36,23,2022-04-26
32504,9,3,1,10,4,2022-04-26
32536,28,11,1,29,12,2022-04-26
32539,8,6,2,10,8,2022-04-26
32570,13,7,1,14,8,2022-04-26
32605,13,5,1,14,6,2022-04-26
32606,15,7,1,16,8,2022-04-26
32703,12,9,3,15,12,2022-04-26
32738,10,8,2,12,10,2022-04-26
32754,6,2,2,8,4,2022-04-26
32773,10,6,1,11,7,2022-04-26
32789,20,12,1,21,13,2022-04-26
29851,2,2,1,3,3,2022-04-26
29874,2,1,1,3,2,2022-04-26
29910,32,14,2,34,16,2022-04-26
30008,6,2,1,7,3,2022-04-26
30017,17,9,1,18,10,2022-04-26
30024,27,12,1,28,13,2022-04-26
30033,36,22,1,37,23,2022-04-26
30035,8,4,1,9,5,2022-04-26
30058,26,14,1,27,15,2022-04-26
30067,25,16,1,26,17,2022-04-26
30076,17,5,1,18,6,2022-04-26
30083,25,16,2,27,18,2022-04-26
30126,23,10,1,24,11,2022-04-26
30135,14,8,1,15,9,2022-04-26
30144,20,10,1,21,11,2022-04-26
30253,18,13,1,19,14,2022-04-26
30260,4,2,1,5,3,2022-04-26
30294,13,9,1,14,10,2022-04-26
30303,9,5,2,11,7,2022-04-26
30310,12,6,1,13,7,2022-04-26
30317,6,3,1,7,4,2022-04-26
30319,41,22,1,42,23,2022-04-26
30328,25,5,1,26,6,2022-04-26
30342,21,11,1,22,12,2022-04-26
30344,15,8,2,17,10,2022-04-26
30519,11,6,2,13,8,2022-04-26
31005,6,4,1,7,5,2022-04-26
31312,2,2,1,3,3,2022-04-26
31405,18,7,1,19,8,2022-04-26
31548,13,7,2,15,9,2022-04-26
30188,13,5,3,16,8,2022-04-26
30189,10,5,2,12,7,2022-04-26
30238,11,1,1,12,2,2022-04-26
30290,2,1,1,3,2,2022-04-26
30305,19,9,2,21,11,2022-04-26
30306,20,9,1,21,10,2022-04-26
30322,12,6,1,13,7,2022-04-26
30324,33,12,4,37,16,2022-04-26
30338,21,10,1,22,11,2022-04-26
30340,5,2,1,6,3,2022-04-26
30341,19,11,1,20,12,2022-04-26
30606,16,9,2,18,11,2022-04-26
30642,3,1,1,4,2,2022-04-26
30809,42,32,1,43,33,2022-04-26
30906,21,10,2,23,12,2022-04-26
30907,20,12,1,21,13,2022-04-26
30909,50,29,1,51,30,2022-04-26
31025,1,1,1,2,2,2022-04-26
31324,26,10,1,27,11,2022-04-26
31558,10,4,1,11,5,2022-04-26
31909,19,15,2,21,17,2022-04-26
32043,120,62,12,132,74,2022-04-26
32127,14,9,3,17,12,2022-04-26
32128,20,12,1,21,13,2022-04-26
32159,12,4,1,13,5,2022-04-26
32162,55,22,1,56,23,2022-04-26
30559,1,1,1,2,2,2022-04-26
30577,2,1,1,3,2,2022-04-26
30677,6,3,2,8,5,2022-04-26
30720,3,2,1,4,3,2022-04-26
30813,50,28,4,54,32,2022-04-26
31088,23,10,1,24,11,2022-04-26
31206,4,1,1,5,2,2022-04-26
31313,20,14,2,22,16,2022-04-26
31322,10,3,1,11,4,2022-04-26
31406,16,11,1,17,12,2022-04-26
31906,4,2,1,5,3,2022-04-26
32065,16,9,1,17,10,2022-04-26
32092,21,12,3,24,15,2022-04-26
32097,8,2,1,9,3,2022-04-26
32124,4,2,1,5,3,2022-04-26
32174,20,13,4,24,17,2022-04-26
32208,8,5,1,9,6,2022-04-26
32217,6,3,1,7,4,2022-04-26
32224,17,9,2,19,11,2022-04-26
32233,9,4,1,10,5,2022-04-26
32256,47,29,1,48,30,2022-04-26
32258,17,9,1,18,10,2022-04-26
32308,8,6,2,10,8,2022-04-26
32408,12,6,1,13,7,2022-04-26
32433,3,1,1,4,2,2022-04-26
32501,4,2,1,5,3,2022-04-26
32506,7,6,1,8,7,2022-04-26
32526,11,5,1,12,6,2022-04-26
31730,1,1,1,2,2,2022-04-26
31905,8,3,1,9,4,2022-04-26
32073,12,8,3,15,11,2022-04-26
32080,17,11,4,21,15,2022-04-26
32114,17,9,1,18,10,2022-04-26
32141,4,3,3,7,6,2022-04-26
32164,35,17,1,36,18,2022-04-26
32205,6,3,1,7,4,2022-04-26
32216,15,12,1,16,13,2022-04-26
32225,36,22,3,39,25,2022-04-26
32257,16,10,4,20,14,2022-04-26
32259,39,20,1,40,21,2022-04-26
32266,1,1,1,2,2,2022-04-26
32407,7,3,1,8,4,2022-04-26
32459,9,3,2,11,5,2022-04-26
32548,6,1,1,7,2,2022-04-26
32566,23,9,3,26,12,2022-04-26
32607,24,14,1,25,15,2022-04-26
32625,1,1,1,2,2,2022-04-26
32707,10,7,2,12,9,2022-04-26
32725,12,5,1,13,6,2022-04-26
32766,7,3,2,9,5,2022-04-26
32825,21,14,3,24,17,2022-04-26
32832,12,6,1,13,7,2022-04-26
32907,16,10,2,18,12,2022-04-26
32927,13,8,1,14,9,2022-04-26
32934,16,8,1,17,9,2022-04-26
32966,11,8,1,12,9,2022-04-26
33009,16,9,3,19,12,2022-04-26
33018,11,7,1,12,8,2022-04-26
33025,48,30,1,49,31,2022-04-26
33027,35,18,1,36,19,2022-04-26
33043,7,6,2,9,8,2022-04-26
33050,23,13,1,24,14,2022-04-26
33068,20,12,1,21,13,2022-04-26
33125,11,7,1,12,8,2022-04-26
33134,32,13,5,37,18,2022-04-26
32163,29,10,1,30,11,2022-04-26
32210,19,8,1,20,9,2022-04-26
32211,10,4,2,12,6,2022-04-26
32212,4,1,1,5,2,2022-04-26
32244,23,15,1,24,16,2022-04-26
32311,14,7,1,15,8,2022-04-26
32514,12,5,1,13,6,2022-04-26
32563,9,5,1,10,6,2022-04-26
32578,16,9,2,18,11,2022-04-26
32712,15,7,2,17,9,2022-04-26
32763,3,1,1,4,2,2022-04-26
32778,4,3,1,5,4,2022-04-26
32779,9,3,1,10,4,2022-04-26
32780,23,12,2,25,14,2022-04-26
32796,3,1,1,4,2,2022-04-26
32811,10,6,2,12,8,2022-04-26
32828,27,12,4,31,16,2022-04-26
32931,17,10,1,18,11,2022-04-26
32963,49,14,3,52,17,2022-04-26
33029,18,13,1,19,14,2022-04-26
33030,7,3,1,8,4,2022-04-26
33032,14,7,1,15,8,2022-04-26
33062,39,19,1,40,20,2022-04-26
33130,21,4,2,23,6,2022-04-26
33131,26,12,2,28,14,2022-04-26
33132,19,8,2,21,10,2022-04-26
33147,3,1,1,4,2,2022-04-26
33149,19,12,1,20,13,2022-04-26
33162,17,13,1,18,14,2022-04-26
33179,30,14,2,32,16,2022-04-26
33180,26,11,1,27,12,2022-04-26
33316,25,16,1,26,17,2022-04-26
32583,8,4,1,9,5,2022-04-26
32608,48,25,3,51,28,2022-04-26
32667,1,1,1,2,2,2022-04-26
32708,14,8,2,16,10,2022-04-26
32724,5,3,1,6,4,2022-04-26
32765,30,20,2,32,22,2022-04-26
32792,27,13,2,29,15,2022-04-26
32810,18,7,1,19,8,2022-04-26
32817,20,14,2,22,16,2022-04-26
32819,24,16,1,25,17,2022-04-26
32835,25,17,3,28,20,2022-04-26
32901,22,13,2,24,15,2022-04-26
32935,13,6,4,17,10,2022-04-26
32951,14,5,2,16,7,2022-04-26
32958,11,6,1,12,7,2022-04-26
32960,10,2,2,12,4,2022-04-26
32967,13,4,1,14,5,2022-04-26
33024,37,17,1,38,18,2022-04-26
33026,16,9,2,18,11,2022-04-26
33033,15,6,2,17,8,2022-04-26
33042,17,8,1,18,9,2022-04-26
33060,12,3,2,14,5,2022-04-26
33067,14,12,2,16,14,2022-04-26
33076,21,12,2,23,14,2022-04-26
33133,30,12,1,31,13,2022-04-26
33167,6,1,3,9,4,2022-04-26
33169,18,8,2,20,10,2022-04-26
33176,21,8,1,22,9,2022-04-26
33178,40,16,2,42,18,2022-04-26
33185,10,4,2,12,6,2022-04-26
33301,33,9,2,35,11,2022-04-26
33308,31,11,1,32,12,2022-04-26
33312,29,15,1,30,16,2022-04-26
33328,16,6,1,17,7,2022-04-26
33351,17,7,1,18,8,2022-04-26
33401,40,11,1,41,12,2022-04-26
33410,44,18,2,46,20,2022-04-26
33417,12,2,1,13,3,2022-04-26
33428,23,13,3,26,16,2022-04-26
33435,21,7,1,22,8,2022-04-26
33437,41,14,5,46,19,2022-04-26
33444,12,7,2,14,9,2022-04-26
33462,22,10,2,24,12,2022-04-26
33510,5,2,1,6,3,2022-04-26
33544,12,8,1,13,9,2022-04-26
33594,9,4,1,10,5,2022-04-26
32806,5,3,1,6,4,2022-04-26
32820,3,2,1,4,3,2022-04-26
32839,16,6,4,20,10,2022-04-26
32903,13,9,2,15,11,2022-04-26
32920,7,4,1,8,5,2022-04-26
32940,35,19,1,36,20,2022-04-26
32955,18,8,4,22,12,2022-04-26
33004,8,4,1,9,5,2022-04-26
33021,30,16,2,32,18,2022-04-26
33023,29,16,1,30,17,2022-04-26
33040,53,24,2,55,26,2022-04-26
33056,12,4,1,13,5,2022-04-26
33071,21,15,2,23,17,2022-04-26
33138,15,7,1,16,8,2022-04-26
33139,55,20,4,59,24,2022-04-26
33140,24,13,1,25,14,2022-04-26
33155,19,8,2,21,10,2022-04-26
33156,38,17,3,41,20,2022-04-26
33157,24,15,2,26,17,2022-04-26
33189,9,2,1,10,3,2022-04-26
33304,31,14,1,32,15,2022-04-26
33321,18,8,1,19,9,2022-04-26
33324,26,15,1,27,16,2022-04-26
33405,11,4,1,12,5,2022-04-26
33408,26,9,1,27,10,2022-04-26
33441,16,7,1,17,8,2022-04-26
33458,26,18,5,31,23,2022-04-26
33525,6,5,2,8,7,2022-04-26
33573,15,8,1,16,9,2022-04-26
33605,9,2,2,11,4,2022-04-26
33606,28,17,1,29,18,2022-04-26
33607,16,8,1,17,9,2022-04-26
33625,8,4,1,9,5,2022-04-26
33705,18,12,1,19,13,2022-04-26
33707,19,5,1,20,6,2022-04-26
33774,6,2,1,7,3,2022-04-26
33150,9,4,1,10,5,2022-04-26
33161,12,4,1,13,5,2022-04-26
33186,36,25,1,37,26,2022-04-26
33309,18,9,1,19,10,2022-04-26
33311,21,13,1,22,14,2022-04-26
33325,13,8,2,15,10,2022-04-26
33404,25,16,5,30,21,2022-04-26
33409,10,6,1,11,7,2022-04-26
33411,24,18,3,27,21,2022-04-26
33434,18,11,1,19,12,2022-04-26
33445,21,10,1,22,11,2022-04-26
33461,9,4,1,10,5,2022-04-26
33470,13,3,1,14,4,2022-04-26
33477,34,16,1,35,17,2022-04-26
33486,19,12,1,20,13,2022-04-26
33511,30,20,2,32,22,2022-04-26
33527,3,1,5,8,6,2022-04-26
33534,12,3,3,15,6,2022-04-26
33543,17,8,1,18,9,2022-04-26
33559,5,1,1,6,2,2022-04-26
33579,19,8,1,20,9,2022-04-26
33602,9,8,2,11,10,2022-04-26
33609,13,7,1,14,8,2022-04-26
33629,8,5,1,9,6,2022-04-26
33702,12,7,1,13,8,2022-04-26
33704,11,7,1,12,8,2022-04-26
33770,5,5,1,6,6,2022-04-26
33777,7,4,1,8,5,2022-04-26
33868,6,2,1,7,3,2022-04-26
33897,12,4,1,13,5,2022-04-26
33913,25,16,1,26,17,2022-04-26
33954,3,2,1,4,3,2022-04-26
34102,41,18,1,42,19,2022-04-26
34113,23,8,1,24,9,2022-04-26
34120,13,3,2,15,5,2022-04-26
34145,27,10,3,30,13,2022-04-26
34211,12,6,1,13,7,2022-04-26
34222,4,2,1,5,3,2022-04-26
34231,16,8,1,17,9,2022-04-26
34236,17,10,2,19,12,2022-04-26
34238,25,5,1,26,6,2022-04-26
34420,NA,1,2,NA,3,2022-04-26
34465,9,2,1,10,3,2022-04-26
34472,6,2,1,7,3,2022-04-26
34481,11,4,2,13,6,2022-04-26
34638,10,3,1,11,4,2022-04-26
34690,3,2,1,4,3,2022-04-26
33414,39,17,2,41,19,2022-04-26
33415,14,7,1,15,8,2022-04-26
33432,30,11,1,31,12,2022-04-26
33433,42,15,1,43,16,2022-04-26
33449,13,6,1,14,7,2022-04-26
33463,23,14,1,24,15,2022-04-26
33480,36,19,1,37,20,2022-04-26
33496,38,22,2,40,24,2022-04-26
33498,16,8,1,17,9,2022-04-26
33513,12,6,2,14,8,2022-04-26
33547,9,4,1,10,5,2022-04-26
33597,1,1,1,2,2,2022-04-26
33613,25,13,1,26,14,2022-04-26
33614,12,10,1,13,11,2022-04-26
33616,12,5,1,13,6,2022-04-26
33617,17,8,1,18,9,2022-04-26
33647,50,32,1,51,33,2022-04-26
33765,7,4,1,8,5,2022-04-26
33767,11,3,2,13,5,2022-04-26
33881,10,4,1,11,5,2022-04-26
33884,9,4,1,10,5,2022-04-26
33901,13,6,1,14,7,2022-04-26
33914,13,6,7,20,13,2022-04-26
33916,5,1,1,6,2,2022-04-26
33917,15,6,2,17,8,2022-04-26
33931,6,3,1,7,4,2022-04-26
34116,11,6,1,12,7,2022-04-26
34135,43,23,1,44,24,2022-04-26
34202,30,11,2,32,13,2022-04-26
34217,5,5,1,6,6,2022-04-26
34233,7,4,1,8,5,2022-04-26
34285,15,11,2,17,13,2022-04-26
34436,1,1,1,2,2,2022-04-26
34452,4,2,1,5,3,2022-04-26
34653,5,3,2,7,5,2022-04-26
34683,15,11,2,17,13,2022-04-26
34685,8,3,4,12,7,2022-04-26
34736,8,4,1,9,5,2022-04-26
34769,4,2,1,5,3,2022-04-26
34786,19,11,1,20,12,2022-04-26
33619,5,4,2,7,6,2022-04-26
33626,20,11,1,21,12,2022-04-26
33701,14,4,2,16,6,2022-04-26
33703,18,7,1,19,8,2022-04-26
33760,5,2,1,6,3,2022-04-26
33830,9,5,1,10,6,2022-04-26
33844,14,4,2,16,6,2022-04-26
33860,3,2,3,6,5,2022-04-26
33896,9,5,2,11,7,2022-04-26
33912,12,4,1,13,5,2022-04-26
33928,36,17,1,37,18,2022-04-26
33935,35,3,1,36,4,2022-04-26
33953,8,5,1,9,6,2022-04-26
34103,26,9,1,27,10,2022-04-26
34105,29,7,2,31,9,2022-04-26
34114,30,9,1,31,10,2022-04-26
34119,38,22,3,41,25,2022-04-26
34203,10,2,2,12,4,2022-04-26
34212,9,7,2,11,9,2022-04-26
34239,13,5,1,14,6,2022-04-26
34269,2,2,2,4,4,2022-04-26
34287,8,6,1,9,7,2022-04-26
34453,2,1,3,5,4,2022-04-26
34471,5,4,1,6,5,2022-04-26
34741,9,4,3,12,7,2022-04-26
34746,22,7,5,27,12,2022-04-26
34771,2,1,4,6,5,2022-04-26
34787,28,11,2,30,13,2022-04-26
34982,12,6,2,14,8,2022-04-26
35023,3,2,1,4,3,2022-04-26
35173,5,1,1,6,2,2022-04-26
35180,3,2,1,4,3,2022-04-26
35205,8,5,2,10,7,2022-04-26
35216,4,2,1,5,3,2022-04-26
34747,23,13,1,24,14,2022-04-26
34772,10,5,1,11,6,2022-04-26
34788,8,3,1,9,4,2022-04-26
34947,3,2,1,4,3,2022-04-26
34974,3,1,1,4,2,2022-04-26
34983,16,8,1,17,9,2022-04-26
34990,19,11,2,21,13,2022-04-26
34997,38,13,1,39,14,2022-04-26
35222,3,2,1,4,3,2022-04-26
35401,15,6,1,16,7,2022-04-26
35749,14,4,1,15,5,2022-04-26
35758,22,13,2,24,15,2022-04-26
36083,2,1,1,3,2,2022-04-26
36526,5,2,1,6,3,2022-04-26
37035,2,2,1,3,3,2022-04-26
37130,4,2,1,5,3,2022-04-26
37212,20,10,2,22,12,2022-04-26
35223,2,2,1,3,3,2022-04-26
36116,11,4,2,13,6,2022-04-26
36618,3,2,1,4,3,2022-04-26
36870,4,1,1,5,2,2022-04-26
37013,14,8,1,15,9,2022-04-26
37027,23,15,5,28,20,2022-04-26
37086,6,4,1,7,5,2022-04-26
37211,23,13,1,24,14,2022-04-26
37311,2,1,1,3,2,2022-04-26
37620,7,6,1,8,7,2022-04-26
37772,3,1,1,4,2,2022-04-26
37774,3,1,1,4,2,2022-04-26
37931,4,3,1,5,4,2022-04-26
38115,3,1,1,4,2,2022-04-26
38138,5,2,1,6,3,2022-04-26
33974,1,1,1,2,2,2022-04-26
33990,14,7,1,15,8,2022-04-26
33993,7,4,2,9,6,2022-04-26
34110,25,12,1,26,13,2022-04-26
34142,8,3,3,11,6,2022-04-26
34207,10,3,2,12,5,2022-04-26
34224,3,1,2,5,3,2022-04-26
34242,17,10,5,22,15,2022-04-26
34275,16,5,1,17,6,2022-04-26
34293,36,15,1,37,16,2022-04-26
34442,5,1,1,6,2,2022-04-26
34491,9,8,1,10,9,2022-04-26
34608,7,6,1,8,7,2022-04-26
34609,19,9,1,20,10,2022-04-26
34677,7,6,1,8,7,2022-04-26
34711,28,14,2,30,16,2022-04-26
34743,14,7,1,15,8,2022-04-26
34744,17,12,1,18,13,2022-04-26
34758,6,5,2,8,7,2022-04-26
34759,16,8,1,17,9,2022-04-26
36265,3,2,1,4,3,2022-04-26
36532,1,1,1,2,2,2022-04-26
36617,5,4,1,6,5,2022-04-26
37066,5,2,1,6,3,2022-04-26
37067,14,8,1,15,9,2022-04-26
37167,5,1,2,7,3,2022-04-26
37601,11,9,1,12,10,2022-04-26
37716,2,1,1,3,2,2022-04-26
37801,10,6,1,11,7,2022-04-26
37917,5,4,3,8,7,2022-04-26
37920,10,9,2,12,11,2022-04-26
38017,13,7,2,15,9,2022-04-26
38053,2,2,1,3,3,2022-04-26
38104,10,7,2,12,9,2022-04-26
37303,1,1,4,5,5,2022-04-26
37353,1,1,1,2,2,2022-04-26
37764,1,1,1,2,2,2022-04-26
37814,7,6,1,8,7,2022-04-26
37857,6,3,1,7,4,2022-04-26
37923,7,5,1,8,6,2022-04-26
37932,6,4,1,7,5,2022-04-26
38125,17,6,1,18,7,2022-04-26
38305,11,3,1,12,4,2022-04-26
38632,1,1,1,2,2,2022-04-26
38732,2,2,1,3,3,2022-04-26
39209,1,1,1,2,2,2022-04-26
39345,1,1,1,2,2,2022-04-26
39402,8,3,1,9,4,2022-04-26
39759,5,4,1,6,5,2022-04-26
40204,4,3,1,5,4,2022-04-26
40272,7,2,1,8,3,2022-04-26
40422,3,2,1,4,3,2022-04-26
34952,16,7,3,19,10,2022-04-26
34953,24,14,1,25,15,2022-04-26
34986,20,7,2,22,9,2022-04-26
34987,19,12,1,20,13,2022-04-26
35020,4,2,1,5,3,2022-04-26
35235,2,1,1,3,2,2022-04-26
35756,5,3,1,6,4,2022-04-26
35803,8,2,1,9,3,2022-04-26
35806,21,18,1,22,19,2022-04-26
35906,2,1,1,3,2,2022-04-26
36608,10,5,1,11,6,2022-04-26
37040,15,9,1,16,10,2022-04-26
37042,13,2,4,17,6,2022-04-26
37073,1,1,1,2,2,2022-04-26
37174,6,6,1,7,7,2022-04-26
37208,10,4,1,11,5,2022-04-26
37659,3,2,3,6,5,2022-04-26
37862,4,3,2,6,5,2022-04-26
38109,8,4,3,11,7,2022-04-26
39532,6,3,1,7,4,2022-04-26
39564,10,4,3,13,7,2022-04-26
40216,7,6,3,10,9,2022-04-26
40299,8,1,1,9,2,2022-04-26
40383,1,1,1,2,2,2022-04-26
40601,3,2,1,4,3,2022-04-26
42240,3,1,2,5,3,2022-04-26
43026,9,3,1,10,4,2022-04-26
43074,7,2,1,8,3,2022-04-26
43123,7,2,1,8,3,2022-04-26
43206,9,4,1,10,5,2022-04-26
43210,16,14,1,17,15,2022-04-26
43224,16,11,2,18,13,2022-04-26
39823,1,1,1,2,2,2022-04-26
40291,5,3,1,6,4,2022-04-26
40324,3,2,1,4,3,2022-04-26
40509,7,1,1,8,2,2022-04-26
41011,4,2,1,5,3,2022-04-26
42431,1,1,1,2,2,2022-04-26
43015,9,6,1,10,7,2022-04-26
43017,23,7,1,24,8,2022-04-26
43081,29,10,2,31,12,2022-04-26
43082,8,6,2,10,8,2022-04-26
43201,36,21,3,39,24,2022-04-26
43215,16,10,2,18,12,2022-04-26
43232,9,4,1,10,5,2022-04-26
43302,2,1,1,3,2,2022-04-26
43551,4,1,1,5,2,2022-04-26
43920,2,2,1,3,3,2022-04-26
44017,4,2,1,5,3,2022-04-26
44035,10,5,1,11,6,2022-04-26
44118,35,20,2,37,22,2022-04-26
42101,5,2,1,6,3,2022-04-26
42160,1,1,2,3,3,2022-04-26
42701,11,8,1,12,9,2022-04-26
43021,4,2,1,5,3,2022-04-26
43203,4,3,1,5,4,2022-04-26
43214,14,9,1,15,10,2022-04-26
43230,25,11,1,26,12,2022-04-26
43512,1,1,1,2,2,2022-04-26
44023,8,5,1,9,6,2022-04-26
44039,5,2,1,6,3,2022-04-26
44107,21,14,1,22,15,2022-04-26
44116,9,8,1,10,9,2022-04-26
44130,10,7,1,11,8,2022-04-26
44132,3,3,1,4,4,2022-04-26
44139,13,7,1,14,8,2022-04-26
44141,2,2,1,3,3,2022-04-26
44146,8,4,1,9,5,2022-04-26
44264,1,1,2,3,3,2022-04-26
44266,2,1,1,3,2,2022-04-26
44280,1,1,1,2,2,2022-04-26
44691,12,6,1,13,7,2022-04-26
44857,1,1,1,2,2,2022-04-26
43910,1,1,1,2,2,2022-04-26
44060,14,10,1,15,11,2022-04-26
44109,5,5,1,6,6,2022-04-26
44112,6,3,1,7,4,2022-04-26
44129,3,1,1,4,2,2022-04-26
44212,4,2,1,5,3,2022-04-26
44646,7,4,2,9,6,2022-04-26
45213,3,3,1,4,4,2022-04-26
45245,2,2,1,3,3,2022-04-26
46032,19,13,1,20,14,2022-04-26
46033,17,6,1,18,7,2022-04-26
38506,7,2,1,8,3,2022-04-26
39110,5,3,1,6,4,2022-04-26
39503,7,5,1,8,6,2022-04-26
39562,2,1,1,3,2,2022-04-26
40503,5,3,1,6,4,2022-04-26
40505,3,2,1,4,3,2022-04-26
41030,1,1,1,2,2,2022-04-26
43202,23,14,1,24,15,2022-04-26
43220,6,4,1,7,5,2022-04-26
45227,3,3,1,4,4,2022-04-26
45243,3,2,3,6,5,2022-04-26
45420,5,2,1,6,3,2022-04-26
45434,4,4,1,5,5,2022-04-26
46038,16,13,1,17,14,2022-04-26
46202,19,12,2,21,14,2022-04-26
46220,8,4,1,9,5,2022-04-26
46236,11,4,1,12,5,2022-04-26
46545,6,6,2,8,8,2022-04-26
46556,9,6,1,10,7,2022-04-26
47408,13,7,1,14,8,2022-04-26
48035,1,1,1,2,2,2022-04-26
48067,12,8,1,13,9,2022-04-26
48126,12,5,1,13,6,2022-04-26
48185,8,4,1,9,5,2022-04-26
48208,2,2,1,3,3,2022-04-26
46250,5,4,1,6,5,2022-04-26
46383,7,6,2,9,8,2022-04-26
46617,11,5,4,15,9,2022-04-26
46635,2,1,1,3,2,2022-04-26
47201,8,6,1,9,7,2022-04-26
47203,4,2,1,5,3,2022-04-26
47401,37,20,1,38,21,2022-04-26
47403,12,7,1,13,8,2022-04-26
47404,10,6,1,11,7,2022-04-26
48073,12,6,3,15,9,2022-04-26
48103,42,20,2,44,22,2022-04-26
48104,52,30,4,56,34,2022-04-26
48105,49,28,2,51,30,2022-04-26
48188,23,11,2,25,13,2022-04-26
48189,2,2,1,3,3,2022-04-26
48204,5,3,1,6,4,2022-04-26
48206,2,1,1,3,2,2022-04-26
48220,2,2,1,3,3,2022-04-26
48221,7,3,1,8,4,2022-04-26
44302,2,1,1,3,2,2022-04-26
44452,2,2,1,3,3,2022-04-26
44471,3,3,1,4,4,2022-04-26
45040,24,14,3,27,17,2022-04-26
45140,13,7,1,14,8,2022-04-26
45220,11,4,1,12,5,2022-04-26
45238,6,3,1,7,4,2022-04-26
45371,2,2,1,3,3,2022-04-26
45640,2,1,1,3,2,2022-04-26
45805,3,2,1,4,3,2022-04-26
46123,8,5,1,9,6,2022-04-26
46140,6,6,2,8,8,2022-04-26
46142,3,2,1,4,3,2022-04-26
46256,4,1,1,5,2,2022-04-26
46259,2,1,2,4,3,2022-04-26
46544,3,1,1,4,2,2022-04-26
46711,1,1,1,2,2,2022-04-26
47710,2,1,1,3,2,2022-04-26
47712,3,1,1,4,2,2022-04-26
48114,3,1,1,4,2,2022-04-26
48128,2,1,1,3,2,2022-04-26
48146,2,2,1,3,3,2022-04-26
48180,10,6,2,12,8,2022-04-26
48197,22,17,1,23,18,2022-04-26
48230,6,3,1,7,4,2022-04-26
48331,11,8,1,12,9,2022-04-26
48363,3,2,2,5,4,2022-04-26
48304,7,5,1,8,6,2022-04-26
48307,14,9,1,15,10,2022-04-26
48322,10,9,2,12,11,2022-04-26
48708,2,2,1,3,3,2022-04-26
48823,28,21,3,31,24,2022-04-26
48842,6,4,1,7,5,2022-04-26
49009,10,6,2,12,8,2022-04-26
49424,11,4,1,12,5,2022-04-26
50010,12,5,3,15,8,2022-04-26
50310,5,4,1,6,5,2022-04-26
53703,26,9,1,27,10,2022-04-26
53704,8,2,1,9,3,2022-04-26
54303,2,2,1,3,3,2022-04-26
54304,4,1,1,5,2,2022-04-26
55057,8,4,1,9,5,2022-04-26
55109,3,3,1,4,4,2022-04-26
55123,7,6,3,10,9,2022-04-26
55125,13,10,1,14,11,2022-04-26
55343,3,2,1,4,3,2022-04-26
55408,9,5,1,10,6,2022-04-26
55425,1,1,1,2,2,2022-04-26
55443,8,3,1,9,4,2022-04-26
44004,2,1,1,3,2,2022-04-26
44106,28,12,1,29,13,2022-04-26
44113,8,4,1,9,5,2022-04-26
44122,41,22,4,45,26,2022-04-26
44240,14,8,2,16,10,2022-04-26
44281,4,2,1,5,3,2022-04-26
44515,2,1,1,3,2,2022-04-26
45208,8,4,1,9,5,2022-04-26
45233,6,4,1,7,5,2022-04-26
46060,5,4,1,6,5,2022-04-26
46112,4,2,2,6,4,2022-04-26
46135,2,1,1,3,2,2022-04-26
46205,7,3,1,8,4,2022-04-26
48226,4,2,1,5,3,2022-04-26
48328,1,1,2,3,3,2022-04-26
48360,8,4,1,9,5,2022-04-26
48910,8,2,1,9,3,2022-04-26
49221,2,1,2,4,3,2022-04-26
49855,6,4,2,8,6,2022-04-26
52211,1,1,1,2,2,2022-04-26
52806,6,4,1,7,5,2022-04-26
46239,3,2,1,4,3,2022-04-26
46278,6,4,1,7,5,2022-04-26
46312,5,1,1,6,2,2022-04-26
46403,3,2,1,4,3,2022-04-26
46637,8,3,1,9,4,2022-04-26
48066,3,3,1,4,4,2022-04-26
48075,23,10,2,25,12,2022-04-26
48084,4,2,1,5,3,2022-04-26
48109,5,4,1,6,5,2022-04-26
48111,6,2,4,10,6,2022-04-26
48168,7,3,1,8,4,2022-04-26
48186,4,3,1,5,4,2022-04-26
48202,6,4,1,7,5,2022-04-26
48236,6,3,2,8,5,2022-04-26
48420,1,1,1,2,2,2022-04-26
53717,5,3,1,6,4,2022-04-26
53726,5,2,1,6,3,2022-04-26
54115,7,5,1,8,6,2022-04-26
54403,1,1,1,2,2,2022-04-26
54901,2,1,2,4,3,2022-04-26
55110,5,3,1,6,4,2022-04-26
55128,2,2,1,3,3,2022-04-26
55369,7,4,1,8,5,2022-04-26
55412,3,3,1,4,4,2022-04-26
55428,6,2,1,7,3,2022-04-26
55446,10,5,1,11,6,2022-04-26
55455,3,2,1,4,3,2022-04-26
48836,1,1,2,3,3,2022-04-26
49431,2,1,1,3,2,2022-04-26
50131,1,1,2,3,3,2022-04-26
50265,4,3,1,5,4,2022-04-26
50701,3,1,3,6,4,2022-04-26
53146,1,1,1,2,2,2022-04-26
53714,1,1,1,2,2,2022-04-26
54409,1,1,1,2,2,2022-04-26
54902,2,1,1,3,2,2022-04-26
55068,1,1,1,2,2,2022-04-26
55104,4,3,1,5,4,2022-04-26
55113,9,6,1,10,7,2022-04-26
55304,2,2,2,4,4,2022-04-26
55347,16,11,1,17,12,2022-04-26
55379,4,1,1,5,2,2022-04-26
55406,5,4,2,7,6,2022-04-26
55411,3,2,1,4,3,2022-04-26
55454,5,1,1,6,2,2022-04-26
56308,2,1,1,3,2,2022-04-26
57401,1,1,1,2,2,2022-04-26
57701,3,2,1,4,3,2022-04-26
57719,29,11,3,32,14,2022-04-26
49301,6,5,1,7,6,2022-04-26
49418,3,1,1,4,2,2022-04-26
49686,8,2,1,9,3,2022-04-26
50588,2,1,1,3,2,2022-04-26
50703,1,1,1,2,2,2022-04-26
53562,6,1,1,7,2,2022-04-26
53711,8,4,1,9,5,2022-04-26
54449,1,1,1,2,2,2022-04-26
54915,4,3,1,5,4,2022-04-26
55415,4,3,1,5,4,2022-04-26
55449,7,5,1,8,6,2022-04-26
56301,6,3,2,8,5,2022-04-26
56303,1,1,1,2,2,2022-04-26
57103,11,5,1,12,6,2022-04-26
57104,20,8,2,22,10,2022-04-26
57106,3,2,1,4,3,2022-04-26
60045,17,7,2,19,9,2022-04-26
60046,5,3,1,6,4,2022-04-26
60047,15,12,1,16,13,2022-04-26
60148,9,5,1,10,6,2022-04-26
60195,5,4,1,6,5,2022-04-26
60448,1,1,1,2,2,2022-04-26
59601,6,3,2,8,5,2022-04-26
59720,1,1,1,2,2,2022-04-26
60002,2,2,1,3,3,2022-04-26
60004,11,7,1,12,8,2022-04-26
60056,8,5,1,9,6,2022-04-26
60089,13,8,2,15,10,2022-04-26
60137,9,5,2,11,7,2022-04-26
60173,9,7,1,10,8,2022-04-26
60189,11,5,1,12,6,2022-04-26
60490,12,7,1,13,8,2022-04-26
60521,8,3,1,9,4,2022-04-26
60605,29,11,1,30,12,2022-04-26
60607,19,8,1,20,9,2022-04-26
60622,37,20,2,39,22,2022-04-26
60623,10,4,2,12,6,2022-04-26
60624,3,2,1,4,3,2022-04-26
60640,43,17,1,44,18,2022-04-26
60641,11,7,1,12,8,2022-04-26
60654,18,6,3,21,9,2022-04-26
60657,61,28,3,64,31,2022-04-26
60007,4,3,1,5,4,2022-04-26
60016,11,4,2,13,6,2022-04-26
60018,3,1,1,4,2,2022-04-26
60073,8,5,1,9,6,2022-04-26
60091,22,12,1,23,13,2022-04-26
60618,19,10,1,20,11,2022-04-26
60625,21,10,1,22,11,2022-04-26
60643,9,6,1,10,7,2022-04-26
61704,7,4,1,8,5,2022-04-26
61761,9,5,1,10,6,2022-04-26
61822,9,4,1,10,5,2022-04-26
63010,8,2,1,9,3,2022-04-26
63017,40,18,1,41,19,2022-04-26
63026,21,2,1,22,3,2022-04-26
63040,7,1,1,8,2,2022-04-26
59901,3,1,1,4,2,2022-04-26
60015,18,14,1,19,15,2022-04-26
60035,12,8,1,13,9,2022-04-26
60074,7,3,1,8,4,2022-04-26
60076,8,3,2,10,5,2022-04-26
60085,10,7,1,11,8,2022-04-26
60124,4,2,1,5,3,2022-04-26
60201,42,18,2,44,20,2022-04-26
60458,3,3,2,5,5,2022-04-26
60510,1,1,1,2,2,2022-04-26
60517,4,1,1,5,2,2022-04-26
60560,2,1,1,3,2,2022-04-26
60610,21,7,1,22,8,2022-04-26
60617,8,5,1,9,6,2022-04-26
60637,19,8,2,21,10,2022-04-26
60642,14,10,1,15,11,2022-04-26
60563,15,6,1,16,7,2022-04-26
60564,15,10,1,16,11,2022-04-26
60613,24,11,1,25,12,2022-04-26
60614,45,23,1,46,24,2022-04-26
60616,37,23,1,38,24,2022-04-26
60629,4,3,1,5,4,2022-04-26
60630,5,2,1,6,3,2022-04-26
60647,35,15,1,36,16,2022-04-26
61081,1,1,1,2,2,2022-04-26
61615,5,3,1,6,4,2022-04-26
61801,21,9,3,24,12,2022-04-26
61832,5,3,1,6,4,2022-04-26
62234,3,2,1,4,3,2022-04-26
62236,2,2,1,3,3,2022-04-26
62269,15,7,1,16,8,2022-04-26
62521,3,2,1,4,3,2022-04-26
63005,10,5,1,11,6,2022-04-26
63021,28,5,1,29,6,2022-04-26
63103,13,4,2,15,6,2022-04-26
63104,21,1,5,26,6,2022-04-26
63105,40,6,2,42,8,2022-04-26
63106,34,27,4,38,31,2022-04-26
63119,56,3,4,60,7,2022-04-26
63122,46,9,1,47,10,2022-04-26
63136,9,3,1,10,4,2022-04-26
63138,12,3,1,13,4,2022-04-26
63139,28,1,3,31,4,2022-04-26
64157,2,1,1,3,2,2022-04-26
60805,1,1,1,2,2,2022-04-26
62025,3,2,1,4,3,2022-04-26
63031,14,1,1,15,2,2022-04-26
63112,32,3,4,36,7,2022-04-26
63129,12,2,1,13,3,2022-04-26
63131,16,1,2,18,3,2022-04-26
63146,25,6,2,27,8,2022-04-26
64064,2,1,1,3,2,2022-04-26
64082,2,1,2,4,3,2022-04-26
64083,1,1,1,2,2,2022-04-26
64116,1,1,1,2,2,2022-04-26
64131,5,2,1,6,3,2022-04-26
64133,2,1,1,3,2,2022-04-26
65201,6,4,1,7,5,2022-04-26
65202,6,4,2,8,6,2022-04-26
65203,7,6,1,8,7,2022-04-26
65401,4,4,2,6,6,2022-04-26
63107,17,1,3,20,4,2022-04-26
63109,32,3,2,34,5,2022-04-26
63116,46,5,4,50,9,2022-04-26
63118,21,2,3,24,5,2022-04-26
63123,27,2,3,30,5,2022-04-26
63132,16,1,2,18,3,2022-04-26
63143,17,3,2,19,5,2022-04-26
63368,9,5,1,10,6,2022-04-26
64079,1,1,1,2,2,2022-04-26
64113,5,3,1,6,4,2022-04-26
66210,6,1,1,7,2,2022-04-26
66503,6,4,1,7,5,2022-04-26
66762,3,1,1,4,2,2022-04-26
67212,4,2,1,5,3,2022-04-26
68137,3,2,2,5,4,2022-04-26
68516,14,9,1,15,10,2022-04-26
70118,29,10,3,32,13,2022-04-26
70420,1,1,1,2,2,2022-04-26
71104,2,1,1,3,2,2022-04-26
71106,3,1,2,5,3,2022-04-26
71115,6,2,1,7,3,2022-04-26
72076,6,4,1,7,5,2022-04-26
65803,1,1,3,4,4,2022-04-26
66206,1,1,1,2,2,2022-04-26
68512,2,1,1,3,2,2022-04-26
70065,9,6,2,11,8,2022-04-26
70116,2,1,1,3,2,2022-04-26
70117,7,1,2,9,3,2022-04-26
70131,2,2,1,3,3,2022-04-26
70448,6,5,2,8,7,2022-04-26
70583,2,2,1,3,3,2022-04-26
70601,8,5,1,9,6,2022-04-26
70816,8,3,2,10,5,2022-04-26
71602,1,1,3,4,4,2022-04-26
72120,4,3,1,5,4,2022-04-26
66061,12,4,2,14,6,2022-04-26
66062,7,3,1,8,4,2022-04-26
66212,8,6,1,9,7,2022-04-26
67214,1,1,1,2,2,2022-04-26
68133,3,1,1,4,2,2022-04-26
68504,1,1,2,3,3,2022-04-26
70056,8,3,1,9,4,2022-04-26
70072,11,8,1,12,9,2022-04-26
70607,4,2,1,5,3,2022-04-26
70809,13,10,1,14,11,2022-04-26
63108,52,11,6,58,17,2022-04-26
63110,46,8,2,48,10,2022-04-26
63115,13,1,2,15,3,2022-04-26
63135,6,1,1,7,2,2022-04-26
63301,12,2,2,14,4,2022-04-26
63367,5,1,1,6,2,2022-04-26
63376,17,5,2,19,7,2022-04-26
63701,6,2,1,7,3,2022-04-26
64060,3,2,1,4,3,2022-04-26
64112,12,7,1,13,8,2022-04-26
66109,6,6,1,7,7,2022-04-26
66441,7,5,1,8,6,2022-04-26
68131,4,3,1,5,4,2022-04-26
68372,1,1,1,2,2,2022-04-26
68901,1,1,1,2,2,2022-04-26
70037,9,6,1,10,7,2022-04-26
70119,11,7,2,13,9,2022-04-26
70435,2,1,1,3,2,2022-04-26
70460,3,3,1,4,4,2022-04-26
70471,5,2,1,6,3,2022-04-26
70605,2,1,1,3,2,2022-04-26
72034,5,3,1,6,4,2022-04-26
73034,7,5,2,9,7,2022-04-26
73102,4,4,1,5,5,2022-04-26
73145,6,6,1,7,7,2022-04-26
74104,2,1,1,3,2,2022-04-26
75006,10,7,1,11,8,2022-04-26
75056,23,10,2,25,12,2022-04-26
75067,18,12,1,19,13,2022-04-26
75074,15,9,1,16,10,2022-04-26
75115,14,7,1,15,8,2022-04-26
71913,6,5,1,7,6,2022-04-26
72713,7,4,1,8,5,2022-04-26
73013,7,5,1,8,6,2022-04-26
73099,10,3,1,11,4,2022-04-26
74133,7,3,1,8,4,2022-04-26
75019,16,8,2,18,10,2022-04-26
75035,11,7,2,13,9,2022-04-26
75052,21,13,1,22,14,2022-04-26
75070,18,11,1,19,12,2022-04-26
75072,11,4,2,13,6,2022-04-26
75089,7,5,1,8,6,2022-04-26
75104,12,6,1,13,7,2022-04-26
75189,4,1,1,5,2,2022-04-26
75203,4,2,1,5,3,2022-04-26
75204,23,11,1,24,12,2022-04-26
75205,18,9,1,19,10,2022-04-26
75220,5,4,1,6,5,2022-04-26
75287,12,5,1,13,6,2022-04-26
73071,4,3,1,5,4,2022-04-26
73135,2,2,1,3,3,2022-04-26
74012,9,6,1,10,7,2022-04-26
74037,1,1,1,2,2,2022-04-26
74114,3,2,1,4,3,2022-04-26
75023,8,4,1,9,5,2022-04-26
75032,6,3,2,8,5,2022-04-26
75034,9,5,2,11,7,2022-04-26
75068,11,8,1,12,9,2022-04-26
75075,14,6,1,15,7,2022-04-26
75093,21,12,2,23,14,2022-04-26
75150,10,5,1,11,6,2022-04-26
75209,4,2,1,5,3,2022-04-26
75248,12,9,1,13,10,2022-04-26
75252,12,6,1,13,7,2022-04-26
75482,2,1,2,4,3,2022-04-26
72122,1,1,1,2,2,2022-04-26
72904,1,1,1,2,2,2022-04-26
73106,6,4,1,7,5,2022-04-26
75010,11,8,1,12,9,2022-04-26
75013,24,14,1,25,15,2022-04-26
75028,35,21,2,37,23,2022-04-26
75060,3,3,1,4,4,2022-04-26
75063,19,6,1,20,7,2022-04-26
75077,8,2,1,9,3,2022-04-26
75229,10,4,2,12,6,2022-04-26
75231,8,3,1,9,4,2022-04-26
76013,8,5,3,11,8,2022-04-26
76016,9,3,1,10,4,2022-04-26
76063,15,7,1,16,8,2022-04-26
76116,12,5,1,13,6,2022-04-26
76248,16,6,2,18,8,2022-04-26
75126,10,5,1,11,6,2022-04-26
75165,6,4,3,9,7,2022-04-26
75208,7,3,1,8,4,2022-04-26
75235,11,4,2,13,6,2022-04-26
75240,12,6,1,13,7,2022-04-26
75703,1,1,2,3,3,2022-04-26
76010,15,6,1,16,7,2022-04-26
76051,20,10,1,21,11,2022-04-26
76137,19,9,1,20,10,2022-04-26
76244,18,11,2,20,13,2022-04-26
76262,10,4,1,11,5,2022-04-26
77005,27,16,1,28,17,2022-04-26
77030,18,11,1,19,12,2022-04-26
77055,6,4,1,7,5,2022-04-26
77080,4,3,1,5,4,2022-04-26
77087,3,1,1,4,2,2022-04-26
77096,15,8,2,17,10,2022-04-26
77316,4,1,1,5,2,2022-04-26
77357,1,1,1,2,2,2022-04-26
77373,2,2,1,3,3,2022-04-26
77380,8,4,1,9,5,2022-04-26
77407,20,12,1,21,13,2022-04-26
77414,3,1,1,4,2,2022-04-26
76034,8,3,1,9,4,2022-04-26
76120,3,2,1,4,3,2022-04-26
76177,6,5,1,7,6,2022-04-26
76179,10,6,1,11,7,2022-04-26
76227,17,8,1,18,9,2022-04-26
76513,6,3,2,8,5,2022-04-26
76522,9,4,1,10,5,2022-04-26
76706,5,2,1,6,3,2022-04-26
76904,11,8,1,12,9,2022-04-26
77063,10,7,2,12,9,2022-04-26
77090,8,6,2,10,8,2022-04-26
77095,25,10,5,30,15,2022-04-26
77365,7,1,1,8,2,2022-04-26
77399,37,12,8,45,20,2022-04-26
77433,17,12,1,18,13,2022-04-26
77449,22,8,1,23,9,2022-04-26
77479,30,15,3,33,18,2022-04-26
76548,9,5,1,10,6,2022-04-26
76549,19,9,2,21,11,2022-04-26
77002,11,6,1,12,7,2022-04-26
77051,3,1,1,4,2,2022-04-26
77083,16,10,1,17,11,2022-04-26
77085,1,1,1,2,2,2022-04-26
77099,13,5,1,14,6,2022-04-26
77386,11,4,1,12,5,2022-04-26
77450,27,17,2,29,19,2022-04-26
77469,10,4,1,11,5,2022-04-26
77554,2,2,1,3,3,2022-04-26
77586,9,3,1,10,4,2022-04-26
77802,2,1,1,3,2,2022-04-26
78154,8,4,1,9,5,2022-04-26
78236,5,3,1,6,4,2022-04-26
78254,13,2,4,17,6,2022-04-26
78255,7,6,1,8,7,2022-04-26
76021,6,1,2,8,3,2022-04-26
76207,3,2,2,5,4,2022-04-26
76306,1,1,1,2,2,2022-04-26
76542,30,16,2,32,18,2022-04-26
76559,4,2,1,5,3,2022-04-26
76643,2,1,1,3,2,2022-04-26
76908,6,4,1,7,5,2022-04-26
77007,17,9,1,18,10,2022-04-26
77042,10,4,1,11,5,2022-04-26
77043,10,4,3,13,7,2022-04-26
77044,13,6,1,14,7,2022-04-26
77059,8,4,1,9,5,2022-04-26
77074,5,2,3,8,5,2022-04-26
77075,3,1,1,4,2,2022-04-26
77077,99,85,1,100,86,2022-04-26
77091,3,1,1,4,2,2022-04-26
77327,2,1,1,3,2,2022-04-26
77345,8,3,2,10,5,2022-04-26
77377,5,2,2,7,4,2022-04-26
77459,28,14,3,31,17,2022-04-26
77478,7,4,1,8,5,2022-04-26
77494,29,16,3,32,19,2022-04-26
77511,4,3,1,5,4,2022-04-26
77777,62,44,1,63,45,2022-04-26
77845,12,9,1,13,10,2022-04-26
77498,13,6,1,14,7,2022-04-26
77546,13,8,1,14,9,2022-04-26
78248,19,16,4,23,20,2022-04-26
78250,9,6,1,10,7,2022-04-26
78368,2,1,1,3,2,2022-04-26
78541,2,2,1,3,3,2022-04-26
78552,3,2,1,4,3,2022-04-26
78557,1,1,1,2,2,2022-04-26
78577,7,3,1,8,4,2022-04-26
78666,9,7,1,10,8,2022-04-26
78702,10,4,1,11,5,2022-04-26
78727,3,1,1,4,2,2022-04-26
79109,4,2,1,5,3,2022-04-26
78230,12,5,2,14,7,2022-04-26
78245,24,11,1,25,12,2022-04-26
78414,13,8,1,14,9,2022-04-26
78628,6,2,1,7,3,2022-04-26
78681,8,6,4,12,10,2022-04-26
78731,15,9,1,16,10,2022-04-26
78732,8,2,1,9,3,2022-04-26
78745,16,11,1,17,12,2022-04-26
78747,4,1,1,5,2,2022-04-26
78748,14,6,1,15,7,2022-04-26
78749,13,7,1,14,8,2022-04-26
79765,2,1,1,3,2,2022-04-26
80016,16,9,1,17,10,2022-04-26
80202,16,6,1,17,7,2022-04-26
80303,12,4,3,15,7,2022-04-26
78504,8,3,1,9,4,2022-04-26
78521,14,5,2,16,7,2022-04-26
78572,16,8,1,17,9,2022-04-26
78704,28,11,2,30,13,2022-04-26
78722,5,4,1,6,5,2022-04-26
78723,9,4,1,10,5,2022-04-26
78840,3,2,1,4,3,2022-04-26
79106,2,1,1,3,2,2022-04-26
79606,6,4,1,7,5,2022-04-26
79907,2,2,1,3,3,2022-04-26
80111,13,7,1,14,8,2022-04-26
80209,12,7,1,13,8,2022-04-26
80210,14,4,1,15,5,2022-04-26
80211,16,6,1,17,7,2022-04-26
80228,5,3,1,6,4,2022-04-26
80525,12,3,1,13,4,2022-04-26
78108,12,6,1,13,7,2022-04-26
78217,6,3,1,7,4,2022-04-26
78249,22,12,2,24,14,2022-04-26
78610,6,2,2,8,4,2022-04-26
78701,8,4,2,10,6,2022-04-26
78703,17,9,1,18,10,2022-04-26
78717,15,9,1,16,10,2022-04-26
78726,4,3,1,5,4,2022-04-26
78728,8,2,1,9,3,2022-04-26
78744,6,4,1,7,5,2022-04-26
78751,11,4,1,12,5,2022-04-26
78758,12,8,2,14,10,2022-04-26
80003,6,2,1,7,3,2022-04-26
80005,5,1,1,6,2,2022-04-26
80012,7,3,1,8,4,2022-04-26
80014,8,2,1,9,3,2022-04-26
80023,10,5,1,11,6,2022-04-26
80130,6,6,1,7,7,2022-04-26
80205,17,10,1,18,11,2022-04-26
80237,10,3,1,11,4,2022-04-26
80246,7,4,1,8,5,2022-04-26
80482,3,1,1,4,2,2022-04-26
80516,4,2,1,5,3,2022-04-26
79938,19,8,2,21,10,2022-04-26
80013,12,6,1,13,7,2022-04-26
80020,17,11,1,18,12,2022-04-26
80138,4,2,1,5,3,2022-04-26
80231,8,5,1,9,6,2022-04-26
80238,10,5,1,11,6,2022-04-26
80524,5,1,1,6,2,2022-04-26
80631,3,3,1,4,4,2022-04-26
80817,9,3,1,10,4,2022-04-26
80922,6,2,1,7,3,2022-04-26
80924,7,4,2,9,6,2022-04-26
81224,4,1,1,5,2,2022-04-26
81401,4,1,1,5,2,2022-04-26
81501,4,3,2,6,5,2022-04-26
81601,3,3,2,5,5,2022-04-26
83221,2,2,1,3,3,2022-04-26
83616,6,4,1,7,5,2022-04-26
84009,2,2,1,3,3,2022-04-26
84025,2,1,1,3,2,2022-04-26
84041,5,4,1,6,5,2022-04-26
84109,2,1,1,3,2,2022-04-26
83619,4,1,1,5,2,2022-04-26
83687,2,2,1,3,3,2022-04-26
84020,13,4,1,14,5,2022-04-26
84121,5,4,1,6,5,2022-04-26
84405,2,1,1,3,2,2022-04-26
84604,6,4,1,7,5,2022-04-26
84790,7,5,2,9,7,2022-04-26
85040,3,2,1,4,3,2022-04-26
85138,6,3,1,7,4,2022-04-26
85225,13,4,1,14,5,2022-04-26
85255,11,6,1,12,7,2022-04-26
85257,5,2,1,6,3,2022-04-26
85308,11,4,2,13,6,2022-04-26
85323,2,1,1,3,2,2022-04-26
85339,7,5,1,8,6,2022-04-26
85373,1,1,1,2,2,2022-04-26
85392,7,5,1,8,6,2022-04-26
85641,5,2,1,6,3,2022-04-26
85708,2,1,1,3,2,2022-04-26
80907,5,5,1,6,6,2022-04-26
80909,2,1,2,4,3,2022-04-26
83647,2,1,1,3,2,2022-04-26
83713,4,2,1,5,3,2022-04-26
84015,5,1,1,6,2,2022-04-26
84074,5,3,1,6,4,2022-04-26
84401,4,2,1,5,3,2022-04-26
85003,2,2,1,3,3,2022-04-26
85012,5,4,1,6,5,2022-04-26
85017,2,1,1,3,2,2022-04-26
85119,5,2,1,6,3,2022-04-26
85203,5,3,2,7,5,2022-04-26
85226,10,5,1,11,6,2022-04-26
85296,6,3,1,7,4,2022-04-26
87111,22,10,3,25,13,2022-04-26
87144,7,3,1,8,4,2022-04-26
89015,7,1,1,8,2,2022-04-26
89032,8,6,1,9,7,2022-04-26
89084,14,4,1,15,5,2022-04-26
89117,17,5,1,18,6,2022-04-26
89119,9,5,2,11,7,2022-04-26
89135,10,4,1,11,5,2022-04-26
89149,9,4,1,10,5,2022-04-26
89183,4,2,1,5,3,2022-04-26
89801,2,2,1,3,3,2022-04-26
90018,9,4,1,10,5,2022-04-26
90020,18,8,1,19,9,2022-04-26
90036,28,10,1,29,11,2022-04-26
90068,12,6,1,13,7,2022-04-26
90069,11,3,1,12,4,2022-04-26
90303,5,2,1,6,3,2022-04-26
90403,20,11,3,23,14,2022-04-26
90404,12,8,2,14,10,2022-04-26
90405,18,11,1,19,12,2022-04-26
90621,5,2,1,6,3,2022-04-26
90640,5,5,1,6,6,2022-04-26
90670,1,1,1,2,2,2022-04-26
90703,13,9,1,14,10,2022-04-26
80918,14,9,1,15,10,2022-04-26
81521,1,1,1,2,2,2022-04-26
82609,1,1,1,2,2,2022-04-26
83861,2,2,1,3,3,2022-04-26
84045,4,2,1,5,3,2022-04-26
84094,4,3,2,6,5,2022-04-26
84095,6,3,1,7,4,2022-04-26
84663,2,2,1,3,3,2022-04-26
85014,12,4,1,13,5,2022-04-26
85032,8,4,3,11,7,2022-04-26
85033,5,1,2,7,3,2022-04-26
85048,12,6,2,14,8,2022-04-26
85213,7,6,1,8,7,2022-04-26
85250,4,2,1,5,3,2022-04-26
85281,48,18,1,49,19,2022-04-26
85282,16,12,1,17,13,2022-04-26
85365,7,1,1,8,2,2022-04-26
85382,8,4,1,9,5,2022-04-26
85383,15,5,1,16,6,2022-04-26
85701,1,1,1,2,2,2022-04-26
85718,14,9,1,15,10,2022-04-26
85749,6,3,2,8,5,2022-04-26
85750,22,12,1,23,13,2022-04-26
86001,5,3,3,8,6,2022-04-26
85396,6,2,1,7,3,2022-04-26
85719,21,7,4,25,11,2022-04-26
87107,2,1,1,3,2,2022-04-26
87114,14,10,1,15,11,2022-04-26
87123,6,4,1,7,5,2022-04-26
87507,11,9,1,12,10,2022-04-26
88888,47,33,27,74,60,2022-04-26
89011,7,4,1,8,5,2022-04-26
89113,8,6,1,9,7,2022-04-26
89115,5,4,1,6,5,2022-04-26
89131,10,4,2,12,6,2022-04-26
89145,5,1,1,6,2,2022-04-26
89506,7,6,1,8,7,2022-04-26
90033,10,7,1,11,8,2022-04-26
90056,4,1,1,5,2,2022-04-26
90065,9,7,2,11,9,2022-04-26
90201,3,2,1,4,3,2022-04-26
90265,5,4,1,6,5,2022-04-26
90290,4,2,1,5,3,2022-04-26
90501,7,6,1,8,7,2022-04-26
90803,6,4,1,7,5,2022-04-26
87120,8,2,1,9,3,2022-04-26
89044,6,4,2,8,6,2022-04-26
90011,11,10,1,12,11,2022-04-26
90028,20,8,2,22,10,2022-04-26
90043,10,4,2,12,6,2022-04-26
90045,23,9,3,26,12,2022-04-26
90046,22,9,4,26,13,2022-04-26
90210,7,5,1,8,6,2022-04-26
90230,8,6,1,9,7,2022-04-26
90245,6,2,1,7,3,2022-04-26
90247,9,4,1,10,5,2022-04-26
90260,3,3,1,4,4,2022-04-26
90278,15,9,2,17,11,2022-04-26
90280,14,7,1,15,8,2022-04-26
90712,9,5,1,10,6,2022-04-26
91016,9,5,1,10,6,2022-04-26
91030,8,1,1,9,2,2022-04-26
91214,9,3,1,10,4,2022-04-26
91316,4,3,1,5,4,2022-04-26
91364,12,7,1,13,8,2022-04-26
91601,24,9,1,25,10,2022-04-26
85086,5,4,1,6,5,2022-04-26
85202,12,8,2,14,10,2022-04-26
85209,7,3,2,9,5,2022-04-26
85234,6,5,1,7,6,2022-04-26
85286,17,8,2,19,10,2022-04-26
85304,4,1,1,5,2,2022-04-26
85377,3,1,1,4,2,2022-04-26
85388,5,2,1,6,3,2022-04-26
85704,5,3,1,6,4,2022-04-26
85711,2,2,1,3,3,2022-04-26
87031,3,2,1,4,3,2022-04-26
87401,3,2,1,4,3,2022-04-26
87501,12,5,1,13,6,2022-04-26
87508,7,1,2,9,3,2022-04-26
88001,1,1,1,2,2,2022-04-26
89030,3,2,1,4,3,2022-04-26
89123,12,5,1,13,6,2022-04-26
89128,11,7,1,12,8,2022-04-26
89523,9,5,1,10,6,2022-04-26
90005,7,5,1,8,6,2022-04-26
90007,28,13,2,30,15,2022-04-26
90025,41,21,1,42,22,2022-04-26
90740,7,3,1,8,4,2022-04-26
90806,4,4,1,5,5,2022-04-26
91104,9,6,1,10,7,2022-04-26
91106,15,6,1,16,7,2022-04-26
91206,8,4,1,9,5,2022-04-26
91306,5,2,1,6,3,2022-04-26
91390,2,2,1,3,3,2022-04-26
91505,7,4,1,8,5,2022-04-26
91606,9,8,2,11,10,2022-04-26
91709,12,8,2,14,10,2022-04-26
91724,6,1,1,7,2,2022-04-26
91740,4,1,1,5,2,2022-04-26
91776,6,4,1,7,5,2022-04-26
91791,5,2,1,6,3,2022-04-26
91910,9,5,3,12,8,2022-04-26
92009,23,13,2,25,15,2022-04-26
92024,18,13,1,19,14,2022-04-26
92025,5,3,1,6,4,2022-04-26
92027,14,5,1,15,6,2022-04-26
92075,1,1,2,3,3,2022-04-26
92107,11,7,2,13,9,2022-04-26
92109,37,26,5,42,31,2022-04-26
92110,14,12,1,15,13,2022-04-26
92374,7,3,2,9,5,2022-04-26
92376,3,2,1,4,3,2022-04-26
92625,3,2,1,4,3,2022-04-26
92626,8,4,1,9,5,2022-04-26
90034,24,11,1,25,12,2022-04-26
90039,18,6,1,19,7,2022-04-26
90041,6,4,1,7,5,2022-04-26
90057,6,2,1,7,3,2022-04-26
90059,4,2,1,5,3,2022-04-26
90064,21,12,2,23,14,2022-04-26
90066,27,13,1,28,14,2022-04-26
90089,4,1,1,5,2,2022-04-26
90241,4,2,1,5,3,2022-04-26
90250,21,10,1,22,11,2022-04-26
90275,11,6,2,13,8,2022-04-26
90291,21,6,2,23,8,2022-04-26
90602,3,1,1,4,2,2022-04-26
90802,13,5,1,14,6,2022-04-26
91020,3,3,1,4,4,2022-04-26
91302,8,4,1,9,5,2022-04-26
91320,18,10,1,19,11,2022-04-26
91361,5,2,1,6,3,2022-04-26
91604,15,8,1,16,9,2022-04-26
91754,3,2,1,4,3,2022-04-26
91913,12,6,2,14,8,2022-04-26
91945,4,2,1,5,3,2022-04-26
92029,4,1,1,5,2,2022-04-26
92081,13,8,2,15,10,2022-04-26
92104,22,9,2,24,11,2022-04-26
92106,9,5,1,10,6,2022-04-26
92111,15,8,1,16,9,2022-04-26
92120,5,4,1,6,5,2022-04-26
92122,32,14,2,34,16,2022-04-26
92129,18,6,1,19,7,2022-04-26
92154,13,5,1,14,6,2022-04-26
92270,5,1,2,7,3,2022-04-26
92504,4,2,1,5,3,2022-04-26
91784,6,4,1,7,5,2022-04-26
91932,8,5,1,9,6,2022-04-26
92083,3,3,2,5,5,2022-04-26
92101,36,18,3,39,21,2022-04-26
92102,9,4,1,10,5,2022-04-26
92116,6,4,1,7,5,2022-04-26
92118,9,4,1,10,5,2022-04-26
92553,7,3,1,8,4,2022-04-26
92584,8,6,1,9,7,2022-04-26
92617,10,3,1,11,4,2022-04-26
92620,16,10,1,17,11,2022-04-26
92704,12,7,1,13,8,2022-04-26
92870,8,4,1,9,5,2022-04-26
93001,4,1,1,5,2,2022-04-26
93021,9,7,1,10,8,2022-04-26
93436,5,2,1,6,3,2022-04-26
93437,2,2,1,3,3,2022-04-26
93536,12,5,1,13,6,2022-04-26
93555,13,6,2,15,8,2022-04-26
93637,1,1,1,2,2,2022-04-26
93703,2,1,1,3,2,2022-04-26
93720,8,6,1,9,7,2022-04-26
93907,1,1,2,3,3,2022-04-26
91303,3,2,1,4,3,2022-04-26
91335,14,10,2,16,12,2022-04-26
91362,10,4,2,12,6,2022-04-26
91401,9,4,1,10,5,2022-04-26
91501,5,3,1,6,4,2022-04-26
91730,7,3,1,8,4,2022-04-26
91789,11,10,1,12,11,2022-04-26
91803,7,4,1,8,5,2022-04-26
92019,10,4,1,11,5,2022-04-26
92037,33,16,2,35,18,2022-04-26
92064,9,7,1,10,8,2022-04-26
92130,25,14,1,26,15,2022-04-26
92139,4,1,1,5,2,2022-04-26
92253,10,6,1,11,7,2022-04-26
92262,7,3,1,8,4,2022-04-26
92314,2,2,1,3,3,2022-04-26
92555,8,2,2,10,4,2022-04-26
92591,3,3,1,4,4,2022-04-26
92630,17,9,1,18,10,2022-04-26
92648,20,9,3,23,12,2022-04-26
92657,3,1,1,4,2,2022-04-26
92691,6,5,1,7,6,2022-04-26
92780,6,3,1,7,4,2022-04-26
92782,3,1,1,4,2,2022-04-26
92832,1,1,1,2,2,2022-04-26
93030,4,3,1,5,4,2022-04-26
93109,4,2,1,5,3,2022-04-26
93257,1,1,1,2,2,2022-04-26
92629,5,2,2,7,4,2022-04-26
92647,7,5,2,9,7,2022-04-26
92672,8,7,1,9,8,2022-04-26
92683,8,7,1,9,8,2022-04-26
92688,9,6,1,10,7,2022-04-26
92708,12,7,1,13,8,2022-04-26
92831,8,5,1,9,6,2022-04-26
92883,4,2,1,5,3,2022-04-26
93033,3,2,1,4,3,2022-04-26
93065,9,6,2,11,8,2022-04-26
93117,19,10,1,20,11,2022-04-26
93551,8,3,1,9,4,2022-04-26
93944,7,4,2,9,6,2022-04-26
94044,7,5,1,8,6,2022-04-26
94087,20,13,2,22,15,2022-04-26
94103,30,10,1,31,11,2022-04-26
94112,13,6,1,14,7,2022-04-26
94117,22,8,1,23,9,2022-04-26
94133,9,5,1,10,6,2022-04-26
94501,22,13,1,23,14,2022-04-26
94503,2,2,2,4,4,2022-04-26
94526,8,1,1,9,2,2022-04-26
94610,18,9,3,21,12,2022-04-26
94612,13,7,2,15,9,2022-04-26
94930,3,1,1,4,2,2022-04-26
92677,17,8,1,18,9,2022-04-26
92692,8,5,4,12,9,2022-04-26
92845,1,1,1,2,2,2022-04-26
93010,12,6,1,13,7,2022-04-26
93063,8,3,1,9,4,2022-04-26
93110,3,1,1,4,2,2022-04-26
93311,9,7,1,10,8,2022-04-26
93427,2,2,1,3,3,2022-04-26
94015,11,4,1,12,5,2022-04-26
94066,9,5,2,11,7,2022-04-26
94114,19,9,4,23,13,2022-04-26
94115,29,12,2,31,14,2022-04-26
94132,11,4,1,12,5,2022-04-26
94517,2,1,1,3,2,2022-04-26
94531,5,3,1,6,4,2022-04-26
94533,10,7,1,11,8,2022-04-26
94549,9,5,2,11,7,2022-04-26
94565,8,3,3,11,6,2022-04-26
94965,4,3,1,5,4,2022-04-26
95051,13,7,2,15,9,2022-04-26
95132,9,4,1,10,5,2022-04-26
95133,4,1,1,5,2,2022-04-26
95134,32,18,1,33,19,2022-04-26
95219,1,1,1,2,2,2022-04-26
93940,37,21,3,40,24,2022-04-26
93955,37,25,2,39,27,2022-04-26
94024,8,5,1,9,6,2022-04-26
94040,24,8,1,25,9,2022-04-26
94121,16,8,1,17,9,2022-04-26
94123,14,3,1,15,4,2022-04-26
94124,3,3,2,5,5,2022-04-26
94305,20,8,1,21,9,2022-04-26
94506,12,8,1,13,9,2022-04-26
94541,8,3,2,10,5,2022-04-26
94591,6,3,1,7,4,2022-04-26
94607,15,5,3,18,8,2022-04-26
94608,29,14,3,32,17,2022-04-26
94707,12,4,1,13,5,2022-04-26
94941,15,5,1,16,6,2022-04-26
95008,12,6,1,13,7,2022-04-26
95023,4,1,1,5,2,2022-04-26
95060,16,5,1,17,6,2022-04-26
95341,3,2,1,4,3,2022-04-26
95661,4,3,1,5,4,2022-04-26
95826,3,2,1,4,3,2022-04-26
95014,24,16,1,25,17,2022-04-26
95062,11,7,1,12,8,2022-04-26
95112,14,6,1,15,7,2022-04-26
95121,3,2,2,5,4,2022-04-26
95128,10,4,2,12,6,2022-04-26
95130,3,3,1,4,4,2022-04-26
95355,7,4,1,8,5,2022-04-26
95630,13,2,2,15,4,2022-04-26
95746,5,3,1,6,4,2022-04-26
95821,2,1,1,3,2,2022-04-26
96734,37,25,1,38,26,2022-04-26
96761,15,13,1,16,14,2022-04-26
96766,2,1,1,3,2,2022-04-26
96768,1,1,1,2,2,2022-04-26
96782,14,10,3,17,13,2022-04-26
96786,15,6,2,17,8,2022-04-26
96793,7,3,1,8,4,2022-04-26
96816,13,8,2,15,10,2022-04-26
96818,35,20,2,37,22,2022-04-26
97220,3,1,1,4,2,2022-04-26
97304,4,2,1,5,3,2022-04-26
97420,2,2,1,3,3,2022-04-26
93950,5,4,1,6,5,2022-04-26
94025,25,15,5,30,20,2022-04-26
94043,18,7,1,19,8,2022-04-26
94070,9,4,1,10,5,2022-04-26
94109,44,20,2,46,22,2022-04-26
94111,4,3,1,5,4,2022-04-26
94309,7,5,1,8,6,2022-04-26
94402,11,6,1,12,7,2022-04-26
94404,15,11,1,16,12,2022-04-26
94513,11,5,1,12,6,2022-04-26
94520,2,2,1,3,3,2022-04-26
94536,8,5,1,9,6,2022-04-26
94545,6,5,1,7,6,2022-04-26
94568,16,7,1,17,8,2022-04-26
94602,16,7,1,17,8,2022-04-26
94704,27,13,1,28,14,2022-04-26
94804,8,4,1,9,5,2022-04-26
94904,6,4,2,8,6,2022-04-26
94947,3,2,1,4,3,2022-04-26
95688,2,1,1,3,2,2022-04-26
95603,3,1,2,5,3,2022-04-26
95687,18,13,1,19,14,2022-04-26
95834,9,2,1,10,3,2022-04-26
95835,5,3,1,6,4,2022-04-26
95901,9,4,2,11,6,2022-04-26
96740,18,7,1,19,8,2022-04-26
96756,5,2,2,7,4,2022-04-26
97124,9,5,3,12,8,2022-04-26
97405,14,7,2,16,9,2022-04-26
98023,3,3,1,4,4,2022-04-26
95843,4,3,1,5,4,2022-04-26
96161,3,1,1,4,2,2022-04-26
96797,8,3,1,9,4,2022-04-26
96814,12,4,2,14,6,2022-04-26
96815,27,21,1,28,22,2022-04-26
97030,7,5,1,8,6,2022-04-26
97031,5,2,1,6,3,2022-04-26
97229,19,9,1,20,10,2022-04-26
97333,7,5,1,8,6,2022-04-26
97818,115,89,3,118,92,2022-04-26
98033,7,4,4,11,8,2022-04-26
98115,22,12,2,24,14,2022-04-26
98133,12,8,2,14,10,2022-04-26
98166,2,2,1,3,3,2022-04-26
98168,8,8,1,9,9,2022-04-26
98251,2,1,1,3,2,2022-04-26
98282,4,2,1,5,3,2022-04-26
98368,3,2,1,4,3,2022-04-26
98402,3,3,1,4,4,2022-04-26
98466,5,4,1,6,5,2022-04-26
98075,8,5,1,9,6,2022-04-26
98107,11,5,3,14,8,2022-04-26
98109,37,8,2,39,10,2022-04-26
98226,5,2,1,6,3,2022-04-26
98277,15,8,2,17,10,2022-04-26
98642,3,2,1,4,3,2022-04-26
98662,2,2,1,3,3,2022-04-26
98826,3,1,1,4,2,2022-04-26
98926,7,7,1,8,8,2022-04-26
99163,7,3,1,8,4,2022-04-26
99645,4,2,1,5,3,2022-04-26
99664,149,108,2,151,110,2022-04-26
97504,3,2,1,4,3,2022-04-26
98004,16,7,1,17,8,2022-04-26
98006,13,6,2,15,8,2022-04-26
98011,12,7,1,13,8,2022-04-26
98029,11,3,1,12,4,2022-04-26
98036,4,2,1,5,3,2022-04-26
98070,3,2,1,4,3,2022-04-26
98104,11,7,2,13,9,2022-04-26
98122,27,11,2,29,13,2022-04-26
98204,3,1,1,4,2,2022-04-26
98406,5,3,1,6,4,2022-04-26
98513,4,3,1,5,4,2022-04-26
98531,2,1,1,3,2,2022-04-26
98604,6,2,1,7,3,2022-04-26
99301,17,12,1,18,13,2022-04-26
99508,4,2,2,6,4,2022-04-26
99515,1,1,1,2,2,2022-04-26
99615,2,1,4,6,5,2022-04-26
98503,4,2,1,5,3,2022-04-26
99205,4,3,2,6,5,2022-04-26
99336,11,11,1,12,12,2022-04-26
99352,20,16,1,21,17,2022-04-26
99505,1,1,1,2,2,2022-04-26
99654,5,2,3,8,5,2022-04-26
95747,5,5,3,8,8,2022-04-26
96701,13,9,2,15,11,2022-04-26
96817,10,7,1,11,8,2022-04-26
96819,14,4,1,15,5,2022-04-26
97003,3,1,1,4,2,2022-04-26
97060,2,1,1,3,2,2022-04-26
97301,4,2,1,5,3,2022-04-26
97403,3,2,1,4,3,2022-04-26
97501,2,1,1,3,2,2022-04-26
97526,1,1,1,2,2,2022-04-26
97844,6,6,1,7,7,2022-04-26
98003,14,9,1,15,10,2022-04-26
98005,5,3,2,7,5,2022-04-26
98012,3,2,2,5,4,2022-04-26
98055,7,4,1,8,5,2022-04-26
98105,19,7,2,21,9,2022-04-26
98112,14,4,3,17,7,2022-04-26
98119,12,6,1,13,7,2022-04-26
98121,25,11,2,27,13,2022-04-26
98203,4,1,1,5,2,2022-04-26
98664,6,3,1,7,4,2022-04-26
99709,5,2,1,6,3,2022-04-26
